Date,Open,High,Low,Close,Adj Close,Volume
2014-07-25,534.500000,545.000000,525.049988,536.875000,505.911438,139874
2014-07-28,532.500000,537.549988,522.500000,535.575012,504.686432,381396
2014-07-30,531.000000,558.500000,531.000000,556.075012,524.004150,349376
2014-07-31,557.000000,576.974976,557.000000,574.200012,541.083679,260332
2014-08-01,565.000000,580.000000,561.525024,574.750000,541.602051,224138
2014-08-04,575.000000,584.000000,549.049988,557.375000,525.229065,485328
2014-08-05,557.500000,569.500000,542.000000,564.375000,531.825378,111522
2014-08-06,569.000000,585.500000,562.875000,575.799988,542.591431,256746
2014-08-07,584.900024,584.900024,570.000000,573.825012,540.730408,77868
2014-08-08,574.000000,578.799988,562.500000,565.049988,532.461426,128678
2014-08-11,565.275024,582.450012,565.275024,577.974976,544.641052,245326
2014-08-12,580.000000,593.000000,567.500000,576.224976,542.991882,515634
2014-08-13,576.299988,581.974976,553.549988,566.849976,534.157654,292366
2014-08-14,567.500000,599.500000,567.500000,595.474976,561.131714,449826
2014-08-18,600.500000,637.500000,600.500000,635.049988,598.424316,285910
2014-08-19,632.500000,655.924988,627.500000,641.750000,604.737915,509700
2014-08-20,645.250000,647.000000,625.625000,630.049988,593.712585,546584
2014-08-21,631.500000,634.500000,619.500000,623.099976,587.163513,343016
2014-08-22,627.224976,637.000000,620.049988,624.875000,588.836060,559302
2014-08-25,622.000000,626.349976,606.500000,611.174988,575.926208,244970
2014-08-26,611.000000,641.950012,601.674988,628.299988,592.063660,238488
2014-08-27,634.400024,644.500000,624.500000,629.924988,593.594788,474186
2014-08-28,625.000000,634.775024,615.000000,621.450012,585.608643,315378
2014-09-01,614.000000,640.500000,614.000000,631.299988,594.890625,124256
2014-09-02,637.000000,637.500000,617.500000,628.575012,592.322754,234388
2014-09-03,630.000000,643.950012,630.000000,640.849976,603.889771,295162
2014-09-04,639.950012,639.950012,620.000000,627.200012,591.026978,158412
2014-09-05,627.125000,636.000000,620.049988,630.424988,594.066040,311856
2014-09-08,633.000000,642.500000,630.000000,635.525024,598.871948,605970
2014-09-09,642.349976,650.000000,634.674988,637.525024,600.756592,385052
2014-09-10,640.000000,657.474976,640.000000,653.025024,615.362610,673542
2014-09-11,655.000000,687.450012,655.000000,672.950012,634.138489,452776
2014-09-12,677.849976,695.049988,677.400024,690.849976,651.006165,228722
2014-09-15,691.950012,737.000000,685.700012,730.700012,688.557861,369028
2014-09-16,735.000000,755.549988,702.549988,718.174988,676.755127,369012
2014-09-17,735.000000,735.000000,705.500000,726.575012,684.670715,130692
2014-09-18,726.500000,735.900024,705.000000,707.075012,666.295410,234548
2014-09-19,716.450012,716.450012,676.099976,687.599976,647.943542,356392
2014-09-22,697.000000,697.974976,676.000000,684.700012,645.210938,160510
2014-09-23,688.000000,697.500000,677.000000,693.174988,653.197083,110008
2014-09-24,702.000000,709.000000,683.400024,695.825012,655.694214,98588
2014-09-25,690.500000,707.000000,690.500000,702.000000,661.513062,114254
2014-09-26,695.000000,712.500000,687.750000,703.974976,663.374146,121966
2014-09-29,697.000000,716.700012,696.950012,704.400024,663.774780,216340
2014-09-30,697.500000,716.549988,665.000000,696.025024,655.882690,599390
2014-10-01,684.000000,709.400024,680.500000,699.450012,659.110107,140890
2014-10-07,692.500000,708.500000,690.025024,700.775024,660.358704,133370
2014-10-08,696.250000,703.000000,681.125000,685.849976,646.294434,91568
2014-10-09,683.599976,692.700012,675.500000,675.924988,636.941895,260132
2014-10-10,670.500000,678.000000,651.974976,665.900024,627.495117,244760
2014-10-13,661.250000,680.099976,657.625000,671.549988,632.819275,146574
2014-10-14,670.500000,676.375000,667.500000,670.000000,631.358582,176492
2014-10-15,670.000000,670.000000,670.000000,670.000000,631.358582,0
2014-10-16,663.525024,676.724976,650.125000,661.900024,623.725769,495862
2014-10-17,661.000000,677.750000,659.500000,671.474976,632.748474,195014
2014-10-20,673.500000,687.349976,672.549988,680.025024,640.805481,173632
2014-10-21,682.525024,701.250000,682.525024,695.549988,655.435059,219884
2014-10-22,698.000000,714.299988,690.700012,702.424988,661.913513,118750
2014-10-27,730.000000,736.500000,715.974976,719.724976,678.215759,87758
2014-10-28,721.950012,738.424988,719.724976,722.724976,681.042603,142900
2014-10-29,729.849976,738.299988,725.125000,729.599976,687.521301,189000
2014-10-30,731.299988,763.500000,730.000000,745.750000,702.739807,369978
2014-10-31,747.974976,773.525024,747.974976,765.400024,721.256592,239430
2014-11-03,768.000000,771.025024,750.849976,754.099976,710.608215,110236
2014-11-05,751.000000,788.000000,750.000000,776.174988,731.410095,396888
2014-11-07,778.025024,785.000000,759.000000,760.075012,716.238708,384674
2014-11-10,761.500000,768.750000,757.625000,759.349976,715.555481,213936
2014-11-11,759.349976,772.500000,755.500000,764.799988,720.691101,268280
2014-11-12,768.000000,811.250000,767.549988,799.724976,753.601868,675442
2014-11-13,799.500000,821.000000,785.000000,798.575012,752.518250,377754
2014-11-14,809.000000,834.400024,806.025024,812.150024,765.310303,412222
2014-11-17,850.000000,851.950012,820.000000,822.000000,774.592285,754234
2014-11-18,827.500000,840.000000,827.500000,832.400024,784.392456,318822
2014-11-19,837.500000,864.900024,837.049988,849.450012,800.459167,591780
2014-11-20,854.000000,858.849976,825.500000,836.250000,788.020386,147370
2014-11-21,841.474976,842.400024,830.000000,836.900024,788.632935,207384
2014-11-24,842.000000,847.500000,825.000000,826.275024,778.620667,149238
2014-11-25,826.275024,833.500000,781.000000,794.599976,748.772522,283204
2014-11-26,787.000000,829.500000,786.650024,826.025024,778.385071,412732
2014-11-27,821.049988,843.500000,821.049988,840.775024,792.284424,190574
2014-11-28,848.450012,848.450012,810.825012,823.974976,776.453308,231194
2014-12-01,825.000000,850.000000,820.099976,843.424988,794.781555,178090
2014-12-02,841.500000,875.000000,841.500000,872.875000,822.533081,399832
2014-12-03,880.000000,912.500000,879.974976,900.400024,848.470703,415778
2014-12-04,902.500000,920.500000,897.525024,917.200012,864.301758,272872
2014-12-05,920.000000,928.299988,895.000000,897.750000,845.973450,159490
2014-12-08,902.000000,919.049988,890.000000,895.250000,843.617615,103788
2014-12-09,889.500000,902.950012,876.875000,896.775024,845.054688,154900
2014-12-10,900.000000,905.000000,887.549988,898.825012,846.986389,82804
2014-12-11,899.950012,912.125000,878.000000,880.174988,829.412048,173122
2014-12-12,896.900024,901.250000,888.000000,897.974976,846.185486,218788
2014-12-15,890.500000,906.424988,890.500000,893.825012,842.274841,145204
2014-12-16,887.500000,898.450012,863.625000,869.025024,818.905090,248326
2014-12-17,861.500000,875.000000,835.000000,841.500000,792.967590,470106
2014-12-18,857.500000,879.700012,855.724976,871.099976,820.860413,259612
2014-12-19,875.549988,883.900024,855.200012,861.875000,812.167542,148156
2014-12-22,867.000000,902.500000,867.000000,894.200012,842.628235,373956
2014-12-23,903.000000,910.000000,875.500000,882.049988,831.178894,152494
2014-12-24,883.000000,892.500000,873.150024,877.700012,827.079773,63228
2014-12-26,883.000000,884.575012,862.549988,865.575012,815.654114,82978
2014-12-29,871.000000,891.849976,867.500000,890.099976,838.764648,460196
2014-12-30,893.950012,895.049988,883.000000,892.000000,840.555054,123560
2014-12-31,897.000000,932.500000,887.500000,920.049988,866.987305,573830
2015-01-01,919.275024,931.500000,911.625000,915.750000,862.935242,96950
2015-01-02,921.000000,942.500000,919.000000,939.275024,885.103638,308986
2015-01-05,944.500000,963.474976,936.150024,939.924988,885.716064,344472
2015-01-06,942.500000,955.000000,925.000000,940.950012,886.681885,228284
2015-01-07,945.974976,1004.450012,945.974976,997.875000,940.323792,947474
2015-01-08,1005.049988,1008.500000,981.200012,984.599976,927.814392,452894
2015-01-09,988.000000,989.900024,963.525024,972.650024,916.553711,483074
2015-01-12,977.000000,987.500000,961.000000,966.000000,910.287231,276782
2015-01-13,974.000000,985.000000,962.750000,966.700012,910.946838,463696
2015-01-14,975.500000,987.500000,966.500000,973.025024,916.907104,658212
2015-01-15,1000.000000,1000.000000,960.500000,967.075012,911.300171,381804
2015-01-16,972.500000,979.924988,958.500000,964.349976,908.732361,395802
2015-01-19,970.000000,971.000000,948.250000,954.325012,899.285522,280876
2015-01-20,956.000000,970.950012,955.000000,960.375000,904.986511,258474
2015-01-21,956.000000,967.500000,948.000000,957.525024,902.301025,270598
2015-01-22,955.250000,962.450012,948.125000,950.575012,895.751831,287662
2015-01-23,960.000000,963.500000,953.000000,957.325012,902.112549,460102
2015-01-27,965.000000,970.000000,952.500000,957.174988,901.971130,227478
2015-01-28,960.000000,960.200012,952.500000,956.875000,901.688477,455520
2015-01-29,962.450012,962.450012,950.049988,954.174988,899.144226,177374
2015-01-30,957.500000,957.500000,937.549988,944.500000,890.027222,200600
2015-02-02,944.500000,955.599976,944.500000,950.049988,895.257080,324012
2015-02-03,958.500000,969.000000,955.325012,962.125000,906.635681,480162
2015-02-04,977.500000,981.849976,940.599976,947.049988,892.430054,680290
2015-02-05,952.224976,953.250000,923.125000,926.750000,873.300842,306482
2015-02-06,935.000000,943.599976,928.549988,939.575012,885.386230,502006
2015-02-09,936.500000,957.950012,932.000000,941.075012,886.799683,686106
2015-02-10,952.000000,969.500000,950.974976,966.625000,910.876160,359742
2015-02-11,968.500000,968.500000,953.000000,964.849976,909.203552,390054
2015-02-12,968.799988,987.500000,962.500000,983.750000,927.013428,1068302
2015-02-13,988.000000,1020.000000,950.000000,1011.450012,953.115906,644926
2015-02-16,1017.000000,1022.500000,1000.000000,1017.099976,958.440063,563458
2015-02-18,1022.469971,1042.500000,1004.099976,1027.900024,968.617126,295476
2015-02-19,1037.500000,1049.969971,1025.000000,1040.550049,980.537598,265050
2015-02-20,1041.000000,1058.500000,1022.500000,1048.780029,988.293030,332866
2015-02-23,1050.000000,1050.000000,1022.500000,1030.199951,970.784607,374346
2015-02-24,1031.000000,1044.000000,1025.500000,1036.500000,976.721252,178172
2015-02-25,1040.000000,1041.469971,1022.500000,1034.699951,975.025024,355214
2015-02-26,1035.500000,1049.180054,1016.969971,1027.819946,968.541687,345486
2015-02-27,1027.849976,1053.500000,1024.319946,1041.719971,981.640198,519516
2015-02-28,null,null,null,null,null,null
2015-03-02,1049.000000,1081.469971,1028.119995,1061.199951,999.996643,781958
2015-03-03,1061.000000,1094.500000,1060.000000,1084.319946,1021.783264,747818
2015-03-04,1088.000000,1097.500000,1072.030029,1076.250000,1014.178650,455000
2015-03-05,1078.000000,1123.000000,1077.500000,1105.380005,1041.628540,810556
2015-03-09,1102.500000,1105.500000,1077.880005,1099.680054,1036.257324,358904
2015-03-10,1105.000000,1106.099976,1058.250000,1078.030029,1015.855957,313578
2015-03-11,1081.500000,1100.500000,1070.000000,1077.500000,1015.356628,198510
2015-03-12,1081.000000,1107.500000,1079.550049,1098.319946,1034.975708,504848
2015-03-13,1102.000000,1108.319946,1071.099976,1078.469971,1016.270691,218480
2015-03-16,1082.000000,1084.900024,1062.530029,1075.250000,1013.236389,145822
2015-03-17,1085.000000,1109.400024,1077.500000,1095.469971,1032.290161,421918
2015-03-18,1100.000000,1125.000000,1092.500000,1098.319946,1034.975708,494498
2015-03-19,1104.949951,1119.849976,1075.000000,1103.569946,1039.922974,325996
2015-03-20,1119.500000,1119.500000,1040.180054,1066.719971,1005.198364,1115574
2015-03-23,1069.500000,1069.500000,1040.500000,1051.349976,990.714661,101134
2015-03-24,1052.500000,1079.119995,1052.500000,1074.380005,1012.416504,207346
2015-03-25,1052.900024,1085.000000,1052.900024,1080.680054,1018.353149,251918
2015-03-26,1083.319946,1105.000000,1072.500000,1096.900024,1033.637817,311924
2015-03-27,1104.000000,1104.000000,1040.000000,1077.000000,1014.885498,350044
2015-03-30,1086.500000,1087.530029,1055.000000,1081.069946,1018.720642,308498
2015-03-31,1087.000000,1087.000000,1075.000000,1079.280029,1017.033936,188924
2015-04-01,1077.750000,1107.650024,1070.680054,1088.780029,1025.986084,491816
2015-04-06,1080.050049,1110.000000,1080.050049,1108.349976,1044.427246,317168
2015-04-07,1109.900024,1149.500000,1089.880005,1129.550049,1064.404785,317256
2015-04-08,1137.500000,1149.750000,1126.199951,1129.380005,1064.244507,277230
2015-04-09,1137.000000,1149.530029,1110.900024,1138.949951,1073.262451,329644
2015-04-10,1139.000000,1145.250000,1130.000000,1138.949951,1073.262451,306598
2015-04-13,1138.949951,1160.000000,1134.780029,1155.099976,1088.481079,554704
2015-04-15,1161.400024,1188.900024,1158.000000,1172.280029,1104.670288,414936
2015-04-16,1187.000000,1187.500000,1145.119995,1164.569946,1097.404785,323720
2015-04-17,1164.000000,1164.000000,1147.500000,1149.469971,1083.175781,227748
2015-04-20,1165.000000,1165.000000,1075.000000,1085.000000,1022.424011,524974
2015-04-21,1085.000000,1094.849976,1017.750000,1034.750000,975.072144,477392
2015-04-22,1034.750000,1059.969971,1023.250000,1033.119995,973.536133,566608
2015-04-23,1036.250000,1081.000000,1036.250000,1075.819946,1013.773438,321414
2015-04-24,1085.000000,1090.930054,1057.819946,1069.849976,1008.147827,382882
2015-04-27,1072.500000,1072.500000,1003.250000,1035.750000,976.014465,192502
2015-04-28,1040.500000,1065.000000,1023.280029,1047.530029,987.115112,315738
2015-04-29,1048.000000,1084.219971,1042.500000,1075.800049,1013.754761,201080
2015-04-30,1074.500000,1107.500000,1074.500000,1098.930054,1035.550781,302576
2015-05-04,1104.000000,1130.000000,1101.000000,1124.199951,1059.363281,119988
2015-05-05,1125.000000,1187.199951,1124.949951,1172.469971,1104.849243,172740
2015-05-06,1178.000000,1202.500000,1117.550049,1123.650024,1058.844971,448292
2015-05-07,1122.500000,1144.900024,1095.319946,1118.180054,1053.690308,222604
2015-05-08,1123.500000,1149.000000,1098.349976,1101.699951,1038.160767,187348
2015-05-11,1115.000000,1149.500000,1104.569946,1141.599976,1075.759644,305220
2015-05-12,1142.500000,1142.500000,1124.000000,1136.199951,1070.671021,103266
2015-05-13,1155.000000,1155.000000,1127.050049,1141.300049,1075.477051,191092
2015-05-14,1141.550049,1157.500000,1118.000000,1129.150024,1064.027832,102350
2015-05-15,1137.500000,1150.000000,1125.530029,1131.949951,1066.666138,191820
2015-05-18,1137.000000,1150.000000,1130.219971,1146.930054,1080.782349,105844
2015-05-19,1150.500000,1169.469971,1148.000000,1162.380005,1095.341309,157598
2015-05-20,1168.000000,1181.550049,1160.069946,1166.030029,1098.780884,514710
2015-05-21,1177.930054,1188.650024,1136.000000,1143.930054,1077.955444,326320
2015-05-22,1198.500000,1277.319946,1187.500000,1215.430054,1145.331787,1571302
2015-05-25,1224.880005,1264.449951,1220.000000,1253.500000,1181.205933,489642
2015-05-26,1255.500000,1274.500000,1245.000000,1256.819946,1184.334595,260620
2015-05-27,1260.000000,1299.000000,1250.000000,1289.380005,1215.016724,564436
2015-05-28,1295.000000,1334.000000,1294.000000,1328.619995,1251.993530,978656
2015-05-29,1334.500000,1343.000000,1260.000000,1272.349976,1198.968628,907876
2015-06-01,1280.000000,1302.500000,1252.349976,1283.949951,1209.899902,375124
2015-06-02,1285.500000,1298.250000,1250.550049,1254.550049,1182.195557,237394
2015-06-03,1257.500000,1266.000000,1212.000000,1255.800049,1183.373413,370034
2015-06-04,1266.000000,1297.400024,1255.000000,1290.199951,1215.789551,441296
2015-06-05,1295.199951,1362.500000,1292.500000,1354.719971,1276.588379,932490
2015-06-08,1367.050049,1372.000000,1314.500000,1321.969971,1245.727051,471082
2015-06-09,1332.449951,1357.849976,1288.300049,1298.800049,1223.893555,605606
2015-06-10,1304.500000,1323.500000,1290.250000,1298.680054,1223.780273,330546
2015-06-11,1314.500000,1325.949951,1292.849976,1301.319946,1226.268066,446172
2015-06-12,1303.349976,1315.000000,1297.400024,1302.750000,1227.615601,303638
2015-06-15,1314.880005,1321.500000,1291.430054,1311.569946,1235.926880,251662
2015-06-16,1311.500000,1318.930054,1294.300049,1305.819946,1230.508423,305576
2015-06-17,1310.000000,1390.949951,1306.000000,1379.199951,1299.656372,790966
2015-06-18,1376.000000,1387.349976,1335.000000,1342.150024,1264.743286,442232
2015-06-19,1350.000000,1373.030029,1340.699951,1352.719971,1274.703735,334980
2015-06-22,1370.000000,1398.880005,1350.380005,1391.849976,1311.576782,426056
2015-06-23,1400.050049,1405.000000,1365.000000,1369.349976,1290.374512,354754
2015-06-24,1373.969971,1375.880005,1340.000000,1346.319946,1268.672607,306668
2015-06-25,1341.000000,1354.300049,1335.000000,1346.800049,1269.125122,262836
2015-06-26,1349.000000,1376.000000,1333.569946,1371.949951,1292.824463,284940
2015-06-29,1364.349976,1364.349976,1325.000000,1350.180054,1272.310303,242540
2015-06-30,1352.500000,1391.819946,1352.500000,1381.469971,1301.795532,444210
2015-07-01,1380.000000,1396.000000,1360.000000,1365.780029,1287.010498,395924
2015-07-02,1375.000000,1385.500000,1366.000000,1373.119995,1293.927002,302944
2015-07-03,1384.500000,1394.800049,1374.500000,1385.349976,1305.451660,315626
2015-07-06,1360.500000,1413.500000,1360.500000,1392.819946,1312.490845,553796
2015-07-07,1397.000000,1414.800049,1384.500000,1393.750000,1313.367310,311292
2015-07-08,1389.500000,1404.250000,1382.500000,1395.949951,1315.440308,309242
2015-07-09,1402.000000,1415.000000,1396.199951,1411.949951,1330.517578,304796
2015-07-10,1415.750000,1427.500000,1412.780029,1419.530029,1337.660645,289170
2015-07-13,1419.500000,1432.500000,1414.000000,1422.800049,1340.742065,209016
2015-07-14,1422.500000,1428.500000,1409.750000,1415.650024,1334.004272,189856
2015-07-15,1420.500000,1425.500000,1411.550049,1416.449951,1334.758057,139626
2015-07-16,1425.000000,1428.000000,1416.000000,1421.050049,1339.092773,212830
2015-07-17,1426.750000,1462.000000,1418.400024,1439.219971,1356.214844,318050
2015-07-20,1439.219971,1450.000000,1437.000000,1440.949951,1357.845093,417282
2015-07-21,1448.500000,1448.500000,1423.449951,1437.569946,1354.660034,453338
2015-07-22,1433.500000,1438.900024,1424.969971,1428.449951,1346.066040,347626
2015-07-23,1433.849976,1448.500000,1420.849976,1425.030029,1342.843384,209390
2015-07-24,1437.500000,1456.849976,1408.550049,1447.550049,1364.064453,299886
2015-07-27,1448.500000,1478.500000,1437.030029,1466.000000,1396.890259,494314
2015-07-28,1474.500000,1501.949951,1470.599976,1488.030029,1417.881836,472496
2015-07-29,1490.500000,1504.500000,1476.000000,1484.119995,1414.156128,256804
2015-07-30,1484.000000,1542.449951,1480.619995,1532.900024,1460.636719,412304
2015-07-31,1544.000000,1622.750000,1540.000000,1576.819946,1502.486084,897048
2015-08-03,1588.000000,1591.900024,1537.500000,1568.430054,1494.491577,370352
2015-08-04,1576.000000,1617.500000,1566.500000,1587.819946,1512.967529,1781684
2015-08-05,1609.430054,1614.099976,1573.650024,1578.150024,1503.753662,654644
2015-08-06,1592.500000,1592.500000,1548.000000,1569.880005,1495.873413,449868
2015-08-07,1572.750000,1613.819946,1572.750000,1601.349976,1525.859741,673756
2015-08-10,1604.750000,1672.500000,1603.969971,1657.030029,1578.915039,1294372
2015-08-11,1672.500000,1692.500000,1655.000000,1683.449951,1604.089355,888330
2015-08-12,1683.500000,1692.199951,1650.000000,1660.430054,1582.154785,613022
2015-08-13,1670.000000,1717.099976,1665.050049,1699.430054,1619.316162,720138
2015-08-14,1672.500000,1691.050049,1635.949951,1671.880005,1593.064941,705272
2015-08-17,1668.449951,1668.449951,1642.619995,1648.119995,1570.424927,365490
2015-08-18,1659.949951,1669.900024,1648.000000,1658.250000,1580.077393,186526
2015-08-19,1662.500000,1674.199951,1643.150024,1646.780029,1569.148071,206312
2015-08-20,1636.000000,1651.650024,1607.500000,1612.199951,1536.198120,276582
2015-08-21,1605.000000,1608.449951,1562.500000,1599.680054,1524.268433,327224
2015-08-24,1574.500000,1574.500000,1471.000000,1501.119995,1430.354736,818782
2015-08-25,1503.000000,1524.469971,1395.000000,1488.449951,1418.281982,833038
2015-08-26,1487.550049,1517.069946,1430.050049,1440.349976,1372.449585,525866
2015-08-27,1465.000000,1499.500000,1445.250000,1471.150024,1401.797485,659924
2015-08-28,1483.000000,1525.000000,1475.000000,1486.900024,1416.805176,501436
2015-08-31,1489.500000,1491.099976,1451.250000,1464.969971,1395.908936,247434
2015-09-01,1450.000000,1485.000000,1440.000000,1460.449951,1391.601929,438396
2015-09-02,1474.000000,1507.500000,1462.930054,1491.619995,1421.302612,434290
2015-09-03,1519.500000,1541.199951,1498.000000,1504.030029,1433.127563,560862
2015-09-04,1501.500000,1508.449951,1470.380005,1494.119995,1423.684692,289078
2015-09-07,1495.000000,1505.599976,1444.000000,1448.699951,1380.405884,263132
2015-09-08,1448.750000,1467.699951,1382.500000,1421.650024,1354.631104,396490
2015-09-09,1450.000000,1457.199951,1422.500000,1439.969971,1372.087524,282108
2015-09-10,1435.000000,1448.000000,1400.000000,1432.199951,1364.683716,270602
2015-09-11,1444.349976,1488.250000,1435.400024,1476.930054,1407.305298,325902
2015-09-14,1487.500000,1513.349976,1480.000000,1495.619995,1425.114014,327416
2015-09-15,1500.000000,1543.000000,1500.000000,1539.599976,1467.020630,538534
2015-09-16,1550.949951,1572.500000,1499.119995,1505.719971,1434.737915,567266
2015-09-18,1524.319946,1525.000000,1494.500000,1498.949951,1428.286987,307558
2015-09-21,1499.500000,1506.000000,1476.000000,1497.800049,1427.191406,212300
2015-09-22,1511.750000,1515.250000,1440.500000,1450.250000,1381.882935,465828
2015-09-23,1441.469971,1459.050049,1425.000000,1442.849976,1374.831665,368810
2015-09-24,1445.000000,1459.900024,1432.500000,1444.449951,1376.356323,445430
2015-09-28,1447.000000,1475.000000,1442.800049,1460.530029,1391.678345,253704
2015-09-29,1447.000000,1491.900024,1425.050049,1485.400024,1415.375854,389158
2015-09-30,1499.500000,1557.000000,1492.500000,1541.000000,1468.354736,611132
2015-10-01,1554.880005,1574.900024,1550.500000,1561.400024,1487.793091,481470
2015-10-05,1575.500000,1614.500000,1571.880005,1606.819946,1531.071899,642062
2015-10-06,1615.949951,1634.969971,1606.819946,1627.199951,1550.491089,379552
2015-10-07,1630.099976,1650.000000,1608.300049,1618.030029,1541.753296,339762
2015-10-08,1619.699951,1641.880005,1605.619995,1633.380005,1556.379761,215532
2015-10-09,1640.000000,1648.849976,1605.699951,1612.050049,1536.055420,153016
2015-10-12,1625.000000,1629.000000,1578.319946,1585.219971,1510.489990,218726
2015-10-13,1597.430054,1597.430054,1541.750000,1557.530029,1484.105469,420724
2015-10-14,1555.000000,1599.680054,1549.319946,1590.699951,1515.711670,279654
2015-10-15,1599.619995,1599.619995,1575.619995,1589.319946,1514.396729,201796
2015-10-16,1597.530029,1624.000000,1586.650024,1614.380005,1538.275391,367838
2015-10-19,1624.969971,1655.300049,1620.050049,1652.000000,1574.122070,711934
2015-10-20,1662.469971,1663.219971,1637.969971,1650.030029,1572.244751,423184
2015-10-21,1652.500000,1656.199951,1638.000000,1643.319946,1565.851196,355418
2015-10-23,1650.000000,1650.000000,1619.150024,1623.219971,1546.698730,199956
2015-10-26,1620.000000,1625.000000,1592.880005,1601.699951,1526.193115,297962
2015-10-27,1604.969971,1619.199951,1587.800049,1592.099976,1517.045776,308446
2015-10-28,1572.500000,1612.000000,1572.500000,1596.530029,1521.267090,304410
2015-10-29,1590.099976,1610.000000,1586.199951,1595.069946,1519.875854,370816
2015-10-30,1594.599976,1627.699951,1586.619995,1615.949951,1539.771484,310486
2015-11-02,1611.849976,1619.500000,1580.180054,1593.280029,1518.170288,288336
2015-11-03,1607.000000,1611.000000,1581.000000,1588.680054,1513.787109,197504
2015-11-04,1590.000000,1598.150024,1576.900024,1590.619995,1515.635620,219050
2015-11-05,1592.349976,1610.000000,1577.849976,1589.400024,1514.473022,231464
2015-11-06,1595.000000,1611.780029,1542.750000,1565.000000,1491.223389,248556
2015-11-09,1537.500000,1572.500000,1517.500000,1522.280029,1450.517212,601312
2015-11-10,1515.000000,1548.000000,1508.050049,1517.680054,1446.134155,301770
2015-11-13,1519.500000,1519.500000,1450.699951,1455.699951,1387.075928,548758
2015-11-16,1445.000000,1450.000000,1414.500000,1423.050049,1355.965088,685846
2015-11-17,1426.500000,1451.430054,1426.500000,1439.050049,1371.210938,362128
2015-11-18,1440.000000,1453.400024,1422.469971,1429.199951,1361.825317,315842
2015-11-19,1439.000000,1477.000000,1432.500000,1472.250000,1402.845703,317122
2015-11-20,1483.949951,1504.500000,1473.030029,1483.569946,1413.632080,282258
2015-11-23,1487.500000,1498.380005,1486.000000,1490.180054,1419.930542,161994
2015-11-24,1487.500000,1492.500000,1456.880005,1470.550049,1401.225952,311806
2015-11-26,1470.000000,1495.949951,1441.280029,1450.430054,1382.054321,495604
2015-11-27,1457.500000,1469.000000,1448.250000,1463.880005,1394.870361,202562
2015-11-30,1462.000000,1472.500000,1447.500000,1461.530029,1392.631104,232868
2015-12-01,1463.050049,1492.500000,1451.530029,1485.719971,1415.680786,324792
2015-12-02,1492.000000,1492.000000,1471.030029,1480.069946,1410.297119,107428
2015-12-03,1477.500000,1489.719971,1463.250000,1465.930054,1396.823730,143216
2015-12-04,1465.000000,1478.949951,1457.000000,1467.969971,1398.767456,149132
2015-12-07,1467.969971,1467.969971,1436.430054,1440.900024,1372.973755,218664
2015-12-08,1435.000000,1454.650024,1427.550049,1439.150024,1371.306152,241836
2015-12-09,1435.050049,1435.699951,1393.000000,1398.719971,1332.781982,245650
2015-12-10,1400.000000,1444.849976,1360.530029,1433.219971,1365.655762,578630
2015-12-11,1433.219971,1440.449951,1381.750000,1390.400024,1324.854492,445344
2015-12-14,1381.500000,1423.500000,1372.400024,1414.000000,1347.341797,301034
2015-12-15,1415.000000,1443.000000,1411.569946,1440.030029,1372.144653,228250
2015-12-16,1442.349976,1447.500000,1404.030029,1407.000000,1340.671875,290938
2015-12-17,1420.000000,1459.500000,1405.500000,1455.380005,1386.770996,333382
2015-12-18,1450.500000,1474.250000,1438.969971,1445.150024,1377.023438,318944
2015-12-21,1443.500000,1475.000000,1441.000000,1471.500000,1402.130981,211700
2015-12-22,1475.000000,1481.500000,1455.849976,1458.449951,1389.696289,196708
2015-12-23,1462.569946,1473.250000,1444.280029,1448.119995,1379.853271,193708
2015-12-24,1463.500000,1464.000000,1440.449951,1455.349976,1386.742432,163944
2015-12-28,1456.000000,1462.500000,1449.750000,1452.180054,1383.722046,174490
2015-12-29,1455.050049,1492.750000,1455.000000,1488.900024,1418.710693,313522
2015-12-30,1495.000000,1498.000000,1480.780029,1488.050049,1417.901001,169640
2015-12-31,1492.500000,1506.500000,1474.030029,1483.150024,1413.231934,480318
2016-01-01,1481.199951,1501.680054,1481.199951,1493.199951,1422.808105,129486
2016-01-04,1490.000000,1502.219971,1476.000000,1486.300049,1416.233398,253614
2016-01-05,1488.550049,1496.280029,1475.150024,1483.349976,1413.422485,228500
2016-01-06,1476.500000,1503.000000,1476.500000,1500.849976,1430.097412,267276
2016-01-07,1495.000000,1497.430054,1455.530029,1473.280029,1403.827148,298800
2016-01-08,1473.500000,1484.000000,1440.949951,1451.150024,1382.740601,333412
2016-01-11,1445.050049,1464.500000,1420.569946,1459.650024,1390.839722,264812
2016-01-12,1460.000000,1493.699951,1450.500000,1470.099976,1400.796997,357368
2016-01-13,1470.099976,1480.719971,1433.280029,1452.599976,1384.122192,509212
2016-01-14,1444.969971,1457.500000,1420.550049,1448.800049,1380.501099,279524
2016-01-15,1454.949951,1467.000000,1425.250000,1429.569946,1362.177612,266612
2016-01-18,1425.000000,1435.000000,1372.800049,1382.650024,1317.469727,422410
2016-01-19,1375.000000,1380.069946,1361.530029,1366.500000,1302.080933,296504
2016-01-20,1359.930054,1360.000000,1302.500000,1339.849976,1276.687256,547548
2016-01-21,1358.500000,1364.530029,1302.680054,1309.849976,1248.101563,509584
2016-01-22,1325.000000,1330.000000,1301.199951,1307.949951,1246.291016,544196
2016-01-25,1316.349976,1324.500000,1294.380005,1301.300049,1239.954834,497200
2016-01-27,1306.000000,1327.500000,1300.449951,1324.819946,1262.365845,912516
2016-01-28,1335.000000,1348.969971,1321.780029,1335.119995,1272.180298,700714
2016-01-29,1342.500000,1348.500000,1338.500000,1344.719971,1281.327759,389020
2016-02-01,1355.000000,1407.500000,1349.619995,1400.250000,1334.240112,696656
2016-02-02,1401.650024,1437.750000,1385.550049,1396.430054,1330.600098,642304
2016-02-03,1390.000000,1427.400024,1363.280029,1414.030029,1347.370483,500410
2016-02-04,1424.000000,1439.849976,1407.500000,1428.150024,1360.824585,762508
2016-02-05,1428.069946,1435.969971,1407.500000,1431.250000,1363.778442,518808
2016-02-08,1432.750000,1476.680054,1421.930054,1427.380005,1360.090942,388862
2016-02-09,1421.000000,1445.000000,1380.000000,1391.550049,1325.949951,498770
2016-02-10,1420.000000,1435.000000,1343.849976,1361.000000,1296.840210,687422
2016-02-11,1350.000000,1364.880005,1305.550049,1317.000000,1254.914551,583352
2016-02-12,1325.000000,1328.949951,1252.530029,1282.099976,1221.659668,713848
2016-02-15,1302.500000,1355.000000,1286.000000,1332.949951,1270.112549,710510
2016-02-16,1327.550049,1345.000000,1305.250000,1312.949951,1251.055298,315378
2016-02-17,1322.500000,1331.500000,1272.599976,1326.099976,1263.585327,254606
2016-02-18,1334.199951,1383.819946,1334.199951,1376.750000,1311.847778,390156
2016-02-19,1381.500000,1381.500000,1352.780029,1362.250000,1298.031372,254268
2016-02-22,1354.500000,1400.500000,1354.500000,1399.680054,1333.696777,704004
2016-02-23,1397.550049,1409.000000,1387.500000,1401.119995,1335.068848,331174
2016-02-24,1401.500000,1403.949951,1368.300049,1376.699951,1311.800171,419472
2016-02-25,1377.500000,1386.849976,1336.119995,1342.969971,1279.660156,442200
2016-02-26,1346.500000,1365.250000,1337.050049,1356.219971,1292.285645,431106
2016-02-29,1361.000000,1414.000000,1320.000000,1378.119995,1313.153198,364926
2016-03-01,1378.000000,1422.500000,1378.000000,1420.849976,1353.868896,329542
2016-03-02,1425.500000,1457.250000,1422.150024,1431.430054,1363.950073,320220
2016-03-03,1439.000000,1446.400024,1416.000000,1420.930054,1353.945190,258812
2016-03-04,1432.000000,1438.469971,1421.000000,1427.599976,1360.300659,172662
2016-03-08,1425.000000,1442.430054,1375.000000,1409.530029,1343.082520,382152
2016-03-09,1404.969971,1428.000000,1392.500000,1418.900024,1352.010864,307366
2016-03-10,1415.000000,1429.000000,1400.000000,1417.319946,1350.505249,294114
2016-03-11,1420.349976,1423.219971,1404.500000,1408.050049,1341.672363,143186
2016-03-14,1416.000000,1430.000000,1407.500000,1411.530029,1344.988281,224718
2016-03-15,1400.119995,1410.930054,1375.469971,1379.380005,1314.353760,153938
2016-03-16,1370.050049,1378.000000,1337.069946,1360.150024,1296.030273,479506
2016-03-17,1370.000000,1370.050049,1344.000000,1348.800049,1285.215332,268306
2016-03-18,1349.500000,1357.500000,1335.119995,1342.900024,1279.593384,241694
2016-03-21,1345.500000,1374.500000,1345.500000,1367.469971,1303.005127,198826
2016-03-22,1368.000000,1389.949951,1362.500000,1375.750000,1310.894897,241612
2016-03-23,1377.569946,1381.050049,1352.650024,1362.650024,1298.412476,216966
2016-03-28,1372.780029,1380.000000,1300.619995,1312.800049,1250.912598,564336
2016-03-29,1307.500000,1312.500000,1259.530029,1291.569946,1230.683228,391994
2016-03-30,1309.750000,1324.500000,1295.069946,1319.250000,1257.058472,523354
2016-03-31,1312.699951,1352.449951,1307.750000,1343.250000,1279.927002,692926
2016-04-01,1330.750000,1358.949951,1330.750000,1339.530029,1276.382446,353070
2016-04-04,1350.000000,1351.780029,1325.000000,1329.599976,1266.920532,368804
2016-04-05,1325.000000,1328.119995,1303.569946,1320.680054,1258.421021,428202
2016-04-06,1320.680054,1361.969971,1320.680054,1353.599976,1289.789063,967300
2016-04-07,1355.050049,1360.530029,1339.550049,1350.569946,1286.901855,204214
2016-04-08,1345.500000,1357.750000,1340.550049,1343.400024,1280.069946,276712
2016-04-11,1348.400024,1353.819946,1322.500000,1328.469971,1265.843628,430044
2016-04-12,1342.500000,1369.199951,1325.099976,1352.880005,1289.103027,705890
2016-04-13,1354.300049,1392.500000,1354.300049,1380.550049,1315.468628,520830
2016-04-18,1385.250000,1428.000000,1385.250000,1425.319946,1358.128174,617242
2016-04-20,1422.500000,1443.930054,1413.750000,1422.650024,1355.583984,626888
2016-04-21,1423.849976,1435.000000,1390.000000,1393.930054,1328.217773,355374
2016-04-22,1396.500000,1415.000000,1394.380005,1411.300049,1344.768921,289744
2016-04-25,1406.500000,1418.500000,1400.000000,1408.550049,1342.148560,342514
2016-04-26,1410.030029,1424.000000,1398.099976,1418.650024,1351.772583,271578
2016-04-27,1415.300049,1437.969971,1415.300049,1430.699951,1363.254395,334868
2016-04-28,1437.500000,1459.000000,1406.000000,1412.780029,1346.179321,808750
2016-04-29,1413.500000,1448.000000,1413.000000,1431.300049,1363.826294,282588
2016-05-02,1428.000000,1435.969971,1417.500000,1429.199951,1361.825317,148644
2016-05-03,1430.699951,1449.949951,1417.500000,1423.550049,1356.441528,439892
2016-05-04,1423.500000,1428.949951,1401.969971,1408.880005,1342.463135,228920
2016-05-05,1408.500000,1426.000000,1405.050049,1410.719971,1344.216309,113140
2016-05-06,1414.000000,1423.500000,1406.000000,1408.650024,1342.243896,127562
2016-05-09,1419.500000,1419.500000,1400.000000,1406.880005,1340.557251,560452
2016-05-10,1407.550049,1431.500000,1407.550049,1410.449951,1343.959106,231398
2016-05-11,1405.000000,1429.449951,1395.469971,1423.719971,1356.603516,196196
2016-05-12,1433.500000,1475.000000,1420.000000,1468.219971,1399.005737,519274
2016-05-13,1467.500000,1488.500000,1462.800049,1477.000000,1407.371704,539448
2016-05-16,1482.000000,1489.469971,1451.599976,1467.780029,1398.586548,292496
2016-05-17,1471.099976,1508.949951,1471.099976,1502.819946,1431.974609,471342
2016-05-18,1501.969971,1502.000000,1484.000000,1485.800049,1415.757080,362640
2016-05-19,1489.969971,1507.500000,1488.050049,1497.969971,1427.353149,313492
2016-05-20,1504.949951,1517.530029,1455.000000,1465.349976,1396.271118,404474
2016-05-23,1425.000000,1425.000000,1330.500000,1341.250000,1278.021362,1521808
2016-05-24,1341.250000,1375.000000,1305.000000,1327.030029,1264.471558,1125678
2016-05-25,1330.349976,1382.500000,1328.750000,1375.719971,1310.866333,708388
2016-05-26,1378.400024,1397.500000,1364.030029,1372.199951,1307.512207,719338
2016-05-27,1379.500000,1380.930054,1350.550049,1359.650024,1295.554077,1026142
2016-05-30,1360.000000,1379.000000,1360.000000,1373.030029,1308.303101,221882
2016-05-31,1374.000000,1379.500000,1345.469971,1353.099976,1289.312744,548766
2016-06-01,1370.000000,1396.199951,1362.599976,1382.550049,1317.374512,961922
2016-06-02,1384.969971,1411.150024,1380.280029,1399.750000,1333.763550,372480
2016-06-03,1400.000000,1402.300049,1378.030029,1381.680054,1316.545288,333634
2016-06-06,1382.500000,1394.250000,1367.569946,1386.930054,1321.547852,204054
2016-06-07,1388.500000,1405.000000,1388.500000,1397.569946,1331.686157,803048
2016-06-08,1390.069946,1403.500000,1380.030029,1385.199951,1319.899292,260920
2016-06-09,1385.000000,1397.750000,1376.030029,1380.619995,1315.535278,394974
2016-06-10,1387.000000,1387.000000,1362.030029,1364.619995,1300.289673,184010
2016-06-13,1358.000000,1358.000000,1330.000000,1339.099976,1275.972656,222102
2016-06-14,1338.000000,1348.250000,1333.750000,1340.569946,1277.373291,216544
2016-06-15,1349.500000,1349.500000,1335.619995,1341.300049,1278.068970,219818
2016-06-16,1340.000000,1348.099976,1336.030029,1343.449951,1280.117554,201042
2016-06-17,1345.000000,1349.250000,1318.400024,1319.800049,1257.582520,570482
2016-06-20,1312.500000,1316.000000,1293.750000,1311.099976,1249.292603,361262
2016-06-21,1297.500000,1303.500000,1280.150024,1282.430054,1221.974365,917576
2016-06-22,1284.199951,1310.000000,1280.550049,1306.849976,1245.242798,587516
2016-06-23,1309.000000,1321.000000,1304.650024,1312.719971,1250.836304,326746
2016-06-24,1290.000000,1322.199951,1259.550049,1316.469971,1254.409546,295184
2016-06-27,1317.500000,1347.969971,1312.650024,1341.650024,1278.402466,340512
2016-06-28,1343.500000,1376.800049,1340.030029,1374.069946,1309.293945,446176
2016-06-29,1374.900024,1389.050049,1353.380005,1385.699951,1320.375854,280750
2016-06-30,1389.949951,1394.719971,1365.500000,1379.469971,1314.439575,744744
2016-07-01,1376.880005,1408.550049,1375.780029,1404.150024,1337.956299,433848
2016-07-04,1419.000000,1425.000000,1408.180054,1420.449951,1353.487549,293932
2016-07-05,1417.500000,1430.000000,1405.000000,1418.119995,1351.267456,151092
2016-07-07,1415.000000,1420.000000,1401.000000,1404.569946,1338.356201,253010
2016-07-08,1404.569946,1418.000000,1396.199951,1402.530029,1336.412476,191400
2016-07-11,1409.000000,1434.219971,1408.800049,1429.619995,1362.225464,357570
2016-07-12,1437.000000,1454.280029,1421.880005,1428.599976,1361.253418,348976
2016-07-13,1434.000000,1442.900024,1414.949951,1433.800049,1366.208374,258710
2016-07-14,1445.000000,1446.500000,1427.469971,1429.880005,1362.473145,263182
2016-07-15,1430.000000,1438.319946,1405.599976,1410.300049,1343.816162,201544
2016-07-18,1418.530029,1424.349976,1404.469971,1408.150024,1341.767578,193178
2016-07-19,1410.099976,1413.969971,1376.680054,1380.030029,1314.973267,462542
2016-07-20,1387.449951,1409.000000,1380.000000,1404.719971,1338.499146,177584
2016-07-21,1407.400024,1420.000000,1395.000000,1407.380005,1341.033936,291874
2016-07-22,1408.000000,1427.969971,1404.000000,1425.449951,1358.251953,359138
2016-07-25,1425.000000,1436.849976,1415.150024,1425.199951,1358.013672,238944
2016-07-26,1425.199951,1428.300049,1405.500000,1411.900024,1345.340820,285698
2016-07-27,1424.000000,1424.000000,1397.500000,1406.400024,1340.100098,210406
2016-07-28,1407.500000,1447.000000,1405.099976,1432.650024,1365.112671,488140
2016-07-29,1422.000000,1472.099976,1421.550049,1466.900024,1417.536865,431340
2016-08-01,1473.949951,1496.949951,1425.500000,1441.099976,1392.605103,342678
2016-08-02,1453.500000,1456.000000,1435.849976,1440.349976,1391.880371,185460
2016-08-03,1449.000000,1449.000000,1410.030029,1415.219971,1367.595947,363710
2016-08-04,1425.000000,1446.500000,1405.969971,1440.430054,1391.957764,395460
2016-08-05,1440.000000,1450.400024,1424.469971,1442.300049,1393.764893,246052
2016-08-08,1441.949951,1658.619995,1440.050049,1576.069946,1523.033203,3164246
2016-08-09,1575.000000,1586.000000,1544.099976,1564.219971,1511.581909,792592
2016-08-10,1564.500000,1565.819946,1530.099976,1551.680054,1499.463989,341644
2016-08-11,1560.000000,1638.500000,1557.400024,1618.449951,1563.987183,1526490
2016-08-12,1614.949951,1657.500000,1594.219971,1642.550049,1587.276245,714062
2016-08-16,1649.050049,1670.000000,1625.000000,1636.030029,1580.975464,338170
2016-08-17,1632.500000,1679.119995,1632.500000,1668.349976,1612.208008,524616
2016-08-18,1670.000000,1685.000000,1652.530029,1664.780029,1608.757935,304792
2016-08-19,1665.000000,1685.000000,1658.250000,1675.219971,1618.846680,243238
2016-08-22,1675.000000,1696.449951,1672.119995,1684.619995,1627.930298,320086
2016-08-23,1684.000000,1689.000000,1670.000000,1680.680054,1624.123047,148404
2016-08-24,1684.500000,1742.000000,1670.000000,1716.469971,1658.708618,683696
2016-08-25,1723.500000,1749.500000,1721.569946,1732.150024,1673.861084,742678
2016-08-26,1742.349976,1742.349976,1696.030029,1718.849976,1661.008545,287814
2016-08-29,1703.000000,1724.500000,1695.000000,1703.180054,1645.865967,147830
2016-08-30,1705.000000,1736.000000,1705.000000,1721.599976,1663.665894,149210
2016-08-31,1721.099976,1742.969971,1710.000000,1730.280029,1672.053955,289590
2016-09-01,1733.000000,1733.000000,1700.099976,1704.680054,1647.315430,177454
2016-09-02,1700.500000,1718.469971,1671.000000,1677.469971,1621.020996,291320
2016-09-06,1687.500000,1732.000000,1672.180054,1728.550049,1670.382080,350724
2016-09-07,1701.000000,1751.750000,1701.000000,1744.469971,1685.766357,399164
2016-09-08,1733.500000,1744.219971,1725.000000,1736.050049,1677.629639,215838
2016-09-09,1750.000000,1750.000000,1722.500000,1727.530029,1669.396362,153736
2016-09-12,1700.000000,1724.949951,1685.000000,1713.969971,1656.292603,235320
2016-09-14,1713.500000,1775.000000,1713.430054,1769.949951,1710.388794,437528
2016-09-15,1774.969971,1792.119995,1762.500000,1765.800049,1706.378662,306494
2016-09-16,1770.000000,1781.000000,1726.699951,1737.750000,1679.272705,312602
2016-09-19,1737.750000,1743.000000,1700.000000,1705.800049,1648.397705,348164
2016-09-20,1708.000000,1725.469971,1699.500000,1705.250000,1647.866211,295488
2016-09-21,1705.500000,1722.500000,1678.599976,1699.050049,1641.874756,363438
2016-09-22,1709.500000,1717.500000,1688.030029,1700.469971,1643.247070,499366
2016-09-23,1714.449951,1730.000000,1687.900024,1710.550049,1652.987915,325008
2016-09-26,1722.500000,1724.569946,1698.430054,1708.530029,1651.035767,311480
2016-09-27,1711.050049,1728.000000,1705.930054,1715.619995,1657.887329,174648
2016-09-28,1714.900024,1728.000000,1695.449951,1702.099976,1644.822021,252326
2016-09-29,1715.000000,1717.500000,1599.849976,1642.780029,1587.498291,336340
2016-09-30,1640.000000,1693.650024,1625.030029,1682.000000,1625.398560,240412
2016-10-03,1698.930054,1761.000000,1690.000000,1742.780029,1684.133179,259360
2016-10-04,1742.000000,1742.500000,1718.119995,1737.680054,1679.204956,185636
2016-10-05,1740.000000,1753.000000,1720.250000,1730.250000,1672.024658,412626
2016-10-06,1744.949951,1748.969971,1720.900024,1733.500000,1675.165649,118930
2016-10-07,1733.500000,1737.500000,1689.930054,1693.319946,1636.337402,337560
2016-10-10,1695.000000,1705.380005,1685.300049,1688.400024,1631.583252,109496
2016-10-13,1684.500000,1684.500000,1644.500000,1662.719971,1606.767212,322644
2016-10-14,1677.000000,1677.000000,1647.500000,1665.380005,1609.337891,141352
2016-10-17,1667.650024,1667.719971,1643.819946,1653.199951,1597.567627,216882
2016-10-18,1653.250000,1660.300049,1622.500000,1632.300049,1577.371094,278538
2016-10-19,1641.949951,1675.000000,1640.000000,1658.449951,1602.640991,347492
2016-10-20,1658.500000,1677.500000,1650.500000,1656.569946,1600.824219,242764
2016-10-21,1667.500000,1672.500000,1652.250000,1655.349976,1599.645386,127030
2016-10-24,1635.150024,1664.780029,1635.150024,1653.949951,1598.292358,146430
2016-10-25,1654.199951,1661.319946,1639.969971,1647.680054,1592.233643,182188
2016-10-26,1645.000000,1654.430054,1625.349976,1632.900024,1577.950806,175920
2016-10-27,1625.000000,1634.569946,1597.500000,1606.050049,1552.004395,434050
2016-10-28,1617.000000,1664.500000,1615.880005,1655.969971,1600.244385,215908
2016-11-01,1657.500000,1670.000000,1633.969971,1665.280029,1609.241089,257188
2016-11-02,1639.000000,1656.969971,1635.500000,1651.300049,1595.731689,236004
2016-11-03,1651.300049,1662.750000,1626.030029,1650.750000,1595.200073,258320
2016-11-04,1650.000000,1690.000000,1611.000000,1651.000000,1595.441772,455146
2016-11-07,1664.500000,1674.000000,1642.500000,1651.280029,1595.712402,421832
2016-11-08,1639.000000,1650.849976,1607.780029,1617.780029,1563.339600,906756
2016-11-09,1550.000000,1595.849976,1464.500000,1562.099976,1509.533325,451680
2016-11-10,1607.500000,1620.930054,1584.619995,1602.069946,1548.158325,274548
2016-11-11,1594.930054,1594.930054,1515.250000,1539.680054,1487.867798,432078
2016-11-15,1532.000000,1532.000000,1390.599976,1464.680054,1415.391724,1158490
2016-11-16,1475.000000,1530.000000,1463.180054,1495.500000,1445.174561,470298
2016-11-17,1510.000000,1510.000000,1460.000000,1467.530029,1418.145874,405504
2016-11-18,1460.500000,1462.500000,1435.530029,1451.300049,1402.461914,581400
2016-11-21,1452.500000,1464.069946,1438.050049,1447.150024,1398.451660,182364
2016-11-22,1453.050049,1460.000000,1425.969971,1453.030029,1404.133667,354476
2016-11-23,1469.500000,1488.000000,1447.500000,1483.880005,1433.945557,258996
2016-11-24,1479.000000,1494.000000,1458.000000,1471.280029,1421.769531,310140
2016-11-25,1484.969971,1487.219971,1460.530029,1481.000000,1431.162354,175764
2016-11-28,1479.969971,1495.550049,1464.069946,1485.250000,1435.269531,178032
2016-11-29,1493.500000,1519.199951,1486.000000,1502.719971,1452.151611,208312
2016-11-30,1505.000000,1536.969971,1475.599976,1516.449951,1465.419434,474738
2016-12-01,1518.030029,1531.969971,1498.000000,1501.680054,1451.146729,188978
2016-12-02,1497.400024,1507.500000,1482.430054,1488.400024,1438.313477,339406
2016-12-05,1490.000000,1541.400024,1490.000000,1533.199951,1481.605713,217160
2016-12-06,1534.800049,1537.000000,1498.550049,1502.219971,1451.668335,179314
2016-12-07,1509.000000,1522.300049,1491.000000,1497.380005,1446.991333,235244
2016-12-08,1506.500000,1534.000000,1500.500000,1519.380005,1468.250977,169386
2016-12-09,1520.949951,1531.400024,1510.550049,1512.680054,1461.776367,635442
2016-12-12,1512.750000,1514.250000,1485.050049,1488.530029,1438.438965,274716
2016-12-13,1498.930054,1498.930054,1462.469971,1469.319946,1419.875488,384088
2016-12-14,1470.000000,1484.000000,1467.500000,1470.819946,1421.324951,233774
2016-12-15,1466.000000,1477.000000,1453.750000,1460.099976,1410.965820,216558
2016-12-16,1461.619995,1469.069946,1440.949951,1447.650024,1398.934692,388160
2016-12-19,1450.000000,1457.380005,1432.750000,1449.800049,1401.012451,220010
2016-12-20,1451.000000,1454.900024,1433.000000,1436.050049,1387.724976,401088
2016-12-21,1436.050049,1449.500000,1413.900024,1423.849976,1375.935669,401742
2016-12-22,1420.000000,1424.619995,1399.930054,1405.319946,1358.029175,185178
2016-12-23,1405.030029,1420.569946,1386.430054,1415.599976,1367.963379,182740
2016-12-26,1414.949951,1415.699951,1390.000000,1403.650024,1356.415527,136000
2016-12-27,1405.119995,1428.430054,1390.780029,1413.430054,1365.866333,157352
2016-12-28,1415.000000,1444.000000,1415.000000,1419.800049,1372.021973,247108
2016-12-29,1417.500000,1449.000000,1414.449951,1441.569946,1393.059204,180286
2016-12-30,1452.500000,1461.000000,1435.000000,1443.150024,1394.586182,220668
2017-01-02,1450.550049,1450.550049,1432.569946,1443.219971,1394.653687,104490
2017-01-03,1443.500000,1445.000000,1425.599976,1436.119995,1387.792725,255186
2017-01-04,1445.000000,1445.000000,1415.219971,1426.199951,1378.206543,273358
2017-01-05,1431.000000,1437.500000,1426.300049,1432.900024,1384.681152,232668
2017-01-06,1432.500000,1457.500000,1422.900024,1447.469971,1398.760742,795436
2017-01-09,1460.000000,1461.150024,1437.780029,1448.949951,1400.191040,344356
2017-01-10,1449.500000,1451.500000,1437.969971,1440.400024,1391.928711,546116
2017-01-11,1442.500000,1492.500000,1442.500000,1485.050049,1435.076172,691722
2017-01-12,1492.469971,1497.469971,1459.199951,1473.900024,1424.301514,260102
2017-01-13,1484.500000,1492.500000,1462.500000,1470.000000,1420.532593,208658
2017-01-16,1467.500000,1489.900024,1461.500000,1482.880005,1432.979248,213010
2017-01-17,1484.349976,1510.099976,1477.550049,1506.780029,1456.074951,329502
2017-01-18,1509.000000,1549.349976,1507.449951,1545.780029,1493.762573,539226
2017-01-19,1545.500000,1577.500000,1533.380005,1553.969971,1501.677002,515150
2017-01-20,1558.949951,1567.550049,1532.050049,1539.150024,1487.355591,225986
2017-01-23,1532.599976,1557.500000,1532.599976,1546.550049,1494.506714,144082
2017-01-24,1548.150024,1575.250000,1540.819946,1574.180054,1521.206909,303692
2017-01-25,1562.500000,1574.000000,1549.000000,1567.449951,1514.703125,190016
2017-01-27,1567.000000,1581.000000,1545.500000,1551.469971,1499.260986,269430
2017-01-30,1564.000000,1575.699951,1550.099976,1572.849976,1519.921509,260542
2017-01-31,1575.000000,1575.000000,1554.500000,1565.219971,1512.548340,309880
2017-02-01,1566.849976,1624.900024,1556.380005,1617.380005,1562.953247,422574
2017-02-02,1620.000000,1627.319946,1594.849976,1615.500000,1561.136353,461788
2017-02-03,1611.550049,1636.930054,1605.000000,1615.430054,1561.068848,271328
2017-02-06,1615.430054,1647.199951,1615.430054,1642.500000,1587.227905,268304
2017-02-07,1645.000000,1645.000000,1605.000000,1615.300049,1560.943237,227652
2017-02-08,1615.430054,1633.099976,1596.030029,1616.500000,1562.102661,258164
2017-02-09,1614.150024,1627.319946,1602.650024,1612.969971,1558.691284,225518
2017-02-10,1615.500000,1635.000000,1611.619995,1619.680054,1565.175781,422206
2017-02-13,1622.500000,1648.000000,1611.050049,1635.849976,1580.801514,403908
2017-02-14,1640.000000,1640.000000,1605.099976,1612.219971,1557.966797,376840
2017-02-15,1616.500000,1621.500000,1585.500000,1597.180054,1543.432861,272684
2017-02-16,1595.000000,1619.199951,1591.380005,1615.380005,1561.020264,159888
2017-02-17,1619.550049,1627.400024,1602.780029,1623.880005,1569.234253,314858
2017-02-20,1631.000000,1633.619995,1618.030029,1628.449951,1573.650513,114270
2017-02-21,1633.349976,1637.750000,1607.599976,1619.530029,1565.030884,196132
2017-02-22,1621.000000,1632.000000,1613.430054,1619.349976,1564.856812,230530
2017-02-23,1621.030029,1639.469971,1606.780029,1613.500000,1559.203735,420848
2017-02-27,1615.500000,1634.449951,1609.430054,1629.550049,1574.713623,261074
2017-02-28,1627.550049,1629.500000,1606.150024,1614.699951,1560.363159,191908
2017-03-01,1616.000000,1629.969971,1587.500000,1590.500000,1536.977661,203810
2017-03-02,1600.000000,1608.750000,1551.349976,1557.069946,1504.672729,381920
2017-03-03,1561.500000,1572.849976,1533.219971,1548.380005,1496.275024,466084
2017-03-06,1556.000000,1558.219971,1529.699951,1543.000000,1491.076050,319000
2017-03-07,1552.500000,1552.500000,1527.599976,1529.569946,1478.098022,367252
2017-03-08,1532.500000,1554.000000,1522.650024,1542.699951,1490.786255,526952
2017-03-09,1543.000000,1549.949951,1531.500000,1539.300049,1487.500732,224428
2017-03-10,1542.550049,1565.500000,1538.500000,1561.250000,1508.712036,274980
2017-03-14,1576.900024,1595.280029,1568.219971,1588.380005,1534.928955,267266
2017-03-15,1590.030029,1600.000000,1567.750000,1595.119995,1541.442139,224208
2017-03-16,1598.500000,1619.099976,1598.180054,1612.530029,1558.266235,225374
2017-03-17,1612.500000,1627.449951,1607.500000,1623.780029,1569.137695,176806
2017-03-20,1626.199951,1632.180054,1620.000000,1625.880005,1571.167114,110944
2017-03-21,1620.000000,1660.500000,1620.000000,1647.180054,1591.750244,792904
2017-03-22,1631.000000,1672.880005,1631.000000,1662.880005,1606.921997,440156
2017-03-23,1663.500000,1677.180054,1639.949951,1647.880005,1592.426758,188328
2017-03-24,1649.569946,1660.500000,1641.530029,1649.069946,1593.576660,141284
2017-03-27,1650.000000,1665.000000,1646.069946,1652.050049,1596.456421,154350
2017-03-28,1654.849976,1683.430054,1652.199951,1669.780029,1613.589844,201092
2017-03-29,1671.650024,1707.750000,1663.449951,1695.699951,1638.637573,304570
2017-03-30,1691.000000,1711.250000,1690.300049,1697.569946,1640.444458,1958514
2017-03-31,1690.000000,1716.469971,1665.530029,1687.000000,1630.230347,396946
2017-04-03,1688.500000,1711.050049,1636.400024,1695.849976,1638.782471,188616
2017-04-05,1698.500000,1700.780029,1675.000000,1687.949951,1631.148315,391352
2017-04-06,1687.949951,1697.219971,1673.719971,1678.569946,1622.083862,226512
2017-04-07,1675.000000,1688.650024,1670.000000,1678.719971,1622.228882,103408
2017-04-10,1677.500000,1712.500000,1675.000000,1708.430054,1650.939331,136538
2017-04-11,1709.849976,1726.880005,1691.099976,1701.400024,1644.145752,187738
2017-04-12,1690.000000,1730.050049,1688.900024,1724.500000,1666.468262,334880
2017-04-13,1725.000000,1726.300049,1695.500000,1701.900024,1644.628906,121998
2017-04-17,1701.719971,1702.900024,1686.280029,1692.650024,1635.690308,91102
2017-04-18,1685.319946,1708.030029,1676.900024,1684.250000,1627.572754,226604
2017-04-19,1682.530029,1723.719971,1669.599976,1715.619995,1657.887329,185988
2017-04-20,1718.449951,1720.000000,1684.099976,1689.680054,1632.820068,134522
2017-04-21,1691.050049,1703.819946,1684.000000,1688.280029,1631.467285,167550
2017-04-24,1680.000000,1697.900024,1680.000000,1694.069946,1637.062256,80630
2017-04-25,1699.000000,1744.500000,1693.680054,1738.719971,1680.209839,274916
2017-04-26,1745.000000,1799.000000,1730.000000,1776.699951,1716.911621,625874
2017-04-27,1775.000000,1804.500000,1723.400024,1777.530029,1717.713867,352266
2017-04-28,1777.530029,1819.500000,1774.119995,1812.280029,1751.294434,329716
2017-05-02,1805.000000,1822.199951,1777.819946,1786.969971,1726.836182,187462
2017-05-03,1790.069946,1815.000000,1756.650024,1790.250000,1730.005859,214202
2017-05-04,1787.469971,1810.000000,1782.680054,1796.050049,1735.610596,239362
2017-05-05,1796.050049,1799.800049,1758.219971,1764.680054,1705.296265,96248
2017-05-08,1770.969971,1781.969971,1757.030029,1771.469971,1711.857788,72912
2017-05-09,1767.000000,1801.969971,1759.530029,1796.469971,1736.016479,188862
2017-05-10,1793.500000,1860.900024,1793.500000,1855.650024,1793.204956,669364
2017-05-11,1845.000000,1872.000000,1842.599976,1854.180054,1791.784546,326904
2017-05-12,1852.500000,1867.500000,1830.900024,1852.119995,1789.793701,124618
2017-05-15,1852.000000,1899.750000,1840.030029,1870.780029,1807.825928,236786
2017-05-16,1870.780029,1887.000000,1853.500000,1876.430054,1813.285889,219248
2017-05-17,1876.000000,1876.849976,1830.000000,1834.800049,1773.056763,135124
2017-05-18,1842.800049,1842.800049,1773.050049,1777.719971,1717.897461,142012
2017-05-19,1799.930054,1835.000000,1781.500000,1791.349976,1731.068726,287472
2017-05-22,1810.949951,1848.500000,1801.599976,1816.719971,1755.584961,212636
2017-05-23,1827.500000,1841.949951,1790.030029,1797.099976,1736.625244,265432
2017-05-24,1802.500000,1807.930054,1735.949951,1766.650024,1707.200073,199372
2017-05-25,1785.000000,1785.000000,1725.599976,1758.900024,1699.710815,338880
2017-05-26,1757.000000,1772.500000,1701.099976,1707.930054,1650.456177,886100
2017-05-29,1704.199951,1730.000000,1685.750000,1709.199951,1651.683228,392340
2017-05-30,1719.849976,1725.000000,1689.150024,1712.719971,1655.084839,493310
2017-05-31,1708.500000,1774.000000,1708.500000,1766.319946,1706.880859,419000
2017-06-01,1792.500000,1805.500000,1770.000000,1802.949951,1742.278320,405616
2017-06-02,1814.949951,1832.500000,1780.000000,1795.800049,1735.369141,299542
2017-06-05,1795.800049,1857.000000,1795.800049,1821.650024,1760.349121,502604
2017-06-06,1826.849976,1836.000000,1797.930054,1813.680054,1752.647461,272076
2017-06-07,1818.800049,1837.500000,1800.099976,1821.800049,1760.494141,259416
2017-06-08,1821.800049,1829.500000,1810.319946,1819.650024,1758.416382,90782
2017-06-09,1824.000000,1849.500000,1820.619995,1836.500000,1774.699341,290830
2017-06-12,1832.500000,1853.199951,1807.000000,1813.319946,1752.299438,162416
2017-06-13,1824.380005,1824.380005,1802.500000,1813.050049,1752.038574,106036
2017-06-14,1823.000000,1823.000000,1790.250000,1806.780029,1745.979614,100490
2017-06-15,1810.000000,1815.000000,1777.119995,1782.400024,1722.420044,175760
2017-06-16,1782.400024,1789.000000,1761.500000,1784.469971,1724.420166,279670
2017-06-19,1785.000000,1811.780029,1785.000000,1796.119995,1735.678223,117850
2017-06-20,1789.430054,1809.349976,1784.500000,1791.900024,1731.600220,181608
2017-06-21,1790.000000,1845.000000,1780.000000,1835.150024,1773.394897,178280
2017-06-22,1850.000000,1850.000000,1816.250000,1820.880005,1759.604980,301570
2017-06-23,1820.880005,1833.800049,1803.250000,1824.750000,1763.344849,203426
2017-06-27,1839.300049,1839.300049,1806.719971,1823.780029,1762.407471,167390
2017-06-28,1822.500000,1837.800049,1795.030029,1818.069946,1756.889648,257156
2017-06-29,1819.219971,1848.500000,1800.500000,1818.599976,1757.401855,181420
2017-06-30,1811.099976,1855.930054,1809.699951,1845.030029,1782.942505,479702
2017-07-03,1863.000000,1873.300049,1839.500000,1851.880005,1789.562012,148906
2017-07-04,1855.050049,1883.949951,1855.050049,1874.030029,1810.966431,245562
2017-07-05,1879.500000,1884.500000,1857.500000,1866.719971,1803.902344,226042
2017-07-06,1870.000000,1875.000000,1860.719971,1865.699951,1802.916748,246406
2017-07-07,1860.050049,1860.969971,1838.449951,1846.180054,1784.053711,239420
2017-07-10,1874.400024,1874.400024,1849.000000,1857.969971,1795.446899,34224
2017-07-11,1845.300049,1867.569946,1843.530029,1848.530029,1786.324585,164310
2017-07-12,1848.500000,1862.349976,1846.000000,1851.069946,1788.779175,360402
2017-07-13,1862.000000,1881.949951,1852.000000,1863.800049,1801.080811,127802
2017-07-14,1867.349976,1867.349976,1852.569946,1859.599976,1797.022095,77932
2017-07-17,1859.969971,1866.500000,1837.699951,1848.849976,1786.633911,108708
2017-07-18,1850.000000,1879.000000,1828.030029,1871.469971,1808.492676,131062
2017-07-19,1877.349976,1919.500000,1877.349976,1903.099976,1839.058228,525198
2017-07-20,1902.500000,1917.500000,1882.500000,1895.550049,1831.762451,415898
2017-07-21,1909.500000,1922.500000,1895.099976,1917.030029,1852.519531,240816
2017-07-24,1917.550049,1934.000000,1907.569946,1914.719971,1850.287231,203984
2017-07-25,1925.000000,1926.650024,1910.530029,1925.250000,1860.462891,195416
2017-07-26,1931.000000,1931.000000,1920.150024,1925.300049,1860.511230,156286
2017-07-27,1926.000000,1959.199951,1920.500000,1937.949951,1872.735474,280736
2017-07-28,1937.000000,1964.180054,1917.599976,1953.319946,1898.363525,238964
2017-07-31,1959.800049,1978.300049,1939.500000,1960.800049,1905.633179,255936
2017-08-01,1959.900024,1979.000000,1942.780029,1953.750000,1898.781494,228940
2017-08-02,1955.000000,1964.500000,1920.319946,1932.050049,1877.692139,321538
2017-08-03,1926.199951,1945.000000,1917.030029,1936.969971,1882.473511,149358
2017-08-04,1915.000000,1968.750000,1915.000000,1958.699951,1903.592041,193840
2017-08-07,1959.400024,2105.929932,1950.030029,2053.899902,1996.113525,1782682
2017-08-08,2058.000000,2070.570068,1990.000000,2036.180054,1978.892334,750352
2017-08-09,2034.500000,2037.449951,1996.449951,2029.449951,1972.351685,348022
2017-08-10,2014.000000,2116.979980,2014.000000,2059.600098,2001.653564,653174
2017-08-11,2040.380005,2078.500000,2025.500000,2050.979980,1993.275879,297426
2017-08-14,2061.679932,2103.120117,2050.750000,2080.000000,2021.479492,198656
2017-08-16,2087.500000,2155.979980,2085.520020,2149.979980,2089.490723,589396
2017-08-17,2169.500000,2169.929932,2117.500000,2125.250000,2065.456299,341412
2017-08-18,2105.520020,2141.979980,2105.520020,2125.729980,2065.922852,160612
2017-08-21,2118.100098,2138.699951,2106.020020,2114.899902,2055.397461,192688
2017-08-22,2122.500000,2129.479980,2090.320068,2099.429932,2040.362671,212366
2017-08-23,2112.850098,2133.850098,2078.000000,2123.570068,2063.823730,237424
2017-08-24,2117.500000,2137.199951,2096.679932,2107.050049,2047.768677,246838
2017-08-28,2125.000000,2129.429932,2087.979980,2094.149902,2035.231323,300058
2017-08-29,2090.500000,2109.620117,2071.100098,2086.300049,2027.602295,330262
2017-08-30,2090.000000,2131.250000,2090.000000,2120.679932,2061.014893,202468
2017-08-31,2133.850098,2136.000000,2106.120117,2115.479980,2055.960938,269094
2017-09-01,2110.000000,2130.149902,2100.750000,2121.979980,2062.278320,192344
2017-09-04,2122.500000,2129.500000,2075.500000,2109.820068,2050.460693,229534
2017-09-05,2121.000000,2135.929932,2110.000000,2130.300049,2070.364258,274206
2017-09-06,2115.000000,2128.500000,2104.500000,2123.929932,2064.173584,231278
2017-09-07,2125.500000,2147.500000,2122.000000,2130.550049,2070.607422,229848
2017-09-08,2140.500000,2175.000000,2134.679932,2144.120117,2083.795654,278692
2017-09-11,2145.000000,2165.000000,2145.000000,2148.649902,2088.197998,142188
2017-09-12,2165.000000,2169.250000,2151.449951,2158.600098,2097.868164,226842
2017-09-13,2162.500000,2180.000000,2140.000000,2164.979980,2104.068359,185576
2017-09-14,2174.500000,2174.500000,2156.729980,2170.320068,2109.258301,189126
2017-09-15,2172.500000,2190.429932,2165.000000,2178.500000,2117.208252,279594
2017-09-18,2189.949951,2204.500000,2181.149902,2194.229980,2132.495850,435432
2017-09-19,2185.120117,2197.500000,2161.500000,2185.100098,2123.622559,217864
2017-09-20,2185.000000,2193.479980,2170.620117,2175.520020,2114.312012,94136
2017-09-21,2187.000000,2187.000000,2153.020020,2164.050049,2103.164795,160572
2017-09-22,2152.449951,2172.850098,2127.020020,2135.149902,2075.077637,385618
2017-09-25,2116.300049,2159.229980,2116.300049,2140.550049,2080.325928,267888
2017-09-26,2140.649902,2170.000000,2132.500000,2163.000000,2102.144287,211236
2017-09-27,2165.949951,2178.679932,2136.479980,2150.879883,2090.364990,315854
2017-09-28,2143.500000,2187.500000,2143.000000,2169.850098,2108.801514,352834
2017-09-29,2172.500000,2178.050049,2162.020020,2172.120117,2111.007813,312358
2017-10-03,2207.500000,2207.500000,2165.000000,2170.020020,2108.966797,145814
2017-10-04,2165.000000,2199.000000,2165.000000,2170.929932,2109.851074,227520
2017-10-05,2192.500000,2192.500000,2172.520020,2181.820068,2120.435059,148214
2017-10-06,2181.750000,2185.000000,2163.250000,2180.929932,2119.569580,201946
2017-10-09,2180.929932,2196.570068,2161.479980,2172.250000,2111.134033,368164
2017-10-10,2189.500000,2195.199951,2167.000000,2174.300049,2113.126221,174918
2017-10-11,2176.000000,2199.500000,2151.149902,2187.979980,2126.421387,645590
2017-10-12,2197.449951,2289.250000,2194.520020,2272.229980,2208.301025,852122
2017-10-13,2275.000000,2328.000000,2275.000000,2291.100098,2226.640381,711828
2017-10-16,2295.070068,2308.850098,2257.550049,2270.050049,2206.182373,222746
2017-10-17,2265.000000,2320.000000,2265.000000,2307.649902,2242.724609,212614
2017-10-18,2310.500000,2362.500000,2302.520020,2342.929932,2277.011963,358176
2017-10-19,2355.000000,2362.500000,2310.050049,2318.120117,2252.900391,29398
2017-10-23,2321.350098,2373.479980,2319.050049,2327.600098,2262.113281,242700
2017-10-24,2344.000000,2344.000000,2301.020020,2312.929932,2247.855957,145054
2017-10-25,2324.500000,2329.949951,2287.500000,2322.120117,2256.787354,307034
2017-10-26,2313.270020,2331.770020,2293.500000,2302.320068,2237.544678,300778
2017-10-27,2304.449951,2327.300049,2285.050049,2298.679932,2234.006836,187416
2017-10-30,2300.000000,2383.729980,2300.000000,2372.949951,2306.187500,315004
2017-10-31,2375.000000,2385.000000,2315.350098,2319.750000,2254.484131,238030
2017-11-01,2321.000000,2372.770020,2321.000000,2348.620117,2282.541748,271256
2017-11-02,2351.070068,2361.879883,2292.399902,2329.320068,2263.784912,168102
2017-11-03,2354.449951,2354.449951,2315.050049,2329.050049,2263.522461,115566
2017-11-06,2326.100098,2350.229980,2310.070068,2321.520020,2256.204346,240006
2017-11-07,2334.000000,2371.000000,2304.000000,2324.500000,2259.100342,408354
2017-11-08,2334.500000,2343.679932,2300.100098,2326.750000,2261.287109,198650
2017-11-09,2332.500000,2399.899902,2326.800049,2378.979980,2312.047607,345826
2017-11-10,2389.500000,2458.899902,2370.500000,2436.500000,2367.949219,487212
2017-11-13,2387.500000,2463.300049,2343.770020,2441.149902,2372.468506,668372
2017-11-14,2453.500000,2457.570068,2388.149902,2394.179932,2326.820068,558680
2017-11-15,2390.000000,2412.500000,2363.100098,2374.879883,2308.062744,195022
2017-11-16,2370.000000,2408.020020,2364.000000,2368.350098,2301.716797,258546
2017-11-17,2384.500000,2414.929932,2367.500000,2375.020020,2308.199219,398036
2017-11-20,2388.500000,2399.500000,2362.179932,2381.600098,2314.593994,318362
2017-11-21,2385.000000,2421.979980,2384.500000,2408.449951,2340.688232,301546
2017-11-22,2412.500000,2418.229980,2374.000000,2387.570068,2320.395996,242728
2017-11-23,2390.729980,2405.000000,2380.520020,2391.179932,2323.904053,143060
2017-11-24,2393.020020,2397.270020,2354.270020,2371.000000,2304.291992,291786
2017-11-27,2384.500000,2411.979980,2380.379883,2398.449951,2330.969971,388640
2017-11-28,2406.000000,2426.850098,2390.100098,2397.350098,2329.900879,302222
2017-11-29,2410.000000,2415.520020,2392.520020,2405.570068,2337.889648,305992
2017-11-30,2407.000000,2441.000000,2345.050049,2407.800049,2340.056641,6269128
2017-12-01,2420.520020,2432.500000,2382.300049,2402.979980,2335.372559,331530
2017-12-04,2382.500000,2405.379883,2375.000000,2381.620117,2314.613525,132580
2017-12-05,2381.620117,2405.300049,2367.649902,2380.929932,2313.942871,200320
2017-12-06,2397.449951,2397.449951,2357.620117,2380.229980,2313.262695,156706
2017-12-07,2385.000000,2475.000000,2382.520020,2461.620117,2392.362793,279804
2017-12-08,2474.979980,2481.949951,2418.000000,2427.929932,2359.620361,233564
2017-12-11,2435.050049,2474.500000,2418.899902,2434.600098,2366.103027,202690
2017-12-12,2438.000000,2454.500000,2413.000000,2430.050049,2361.680908,131964
2017-12-13,2430.000000,2436.500000,2397.600098,2407.429932,2339.697266,146554
2017-12-14,2423.750000,2423.750000,2330.000000,2347.429932,2281.385254,359052
2017-12-15,2374.100098,2374.100098,2340.520020,2351.800049,2285.632324,255604
2017-12-18,2355.320068,2355.320068,2299.199951,2349.750000,2283.639893,373042
2017-12-19,2357.500000,2389.729980,2339.149902,2378.270020,2311.357910,548372
2017-12-20,2385.000000,2385.000000,2357.500000,2372.699951,2305.944092,263210
2017-12-21,2365.070068,2375.000000,2353.000000,2366.350098,2299.773193,172134
2017-12-22,2403.500000,2412.479980,2367.500000,2373.320068,2306.547119,569018
2017-12-26,2387.500000,2387.500000,2363.149902,2372.800049,2306.041504,142748
2017-12-27,2372.800049,2375.000000,2361.929932,2367.570068,2300.958740,188500
2017-12-28,2370.550049,2370.570068,2328.050049,2333.020020,2267.380615,395054
2017-12-29,2333.020020,2364.479980,2333.000000,2354.620117,2288.373047,263158
2018-01-01,2375.000000,2387.000000,2357.600098,2369.120117,2302.465332,112320
2018-01-02,2369.120117,2371.120117,2322.000000,2328.020020,2262.521240,176798
2018-01-03,2329.500000,2354.979980,2328.270020,2340.479980,2274.630859,166046
2018-01-04,2329.500000,2344.449951,2305.070068,2313.199951,2248.118408,334700
2018-01-05,2331.000000,2339.750000,2307.179932,2322.050049,2256.719238,264116
2018-01-08,2330.000000,2355.500000,2313.820068,2346.879883,2280.851074,176830
2018-01-09,2350.000000,2356.679932,2312.429932,2320.979980,2255.679443,244280
2018-01-10,2328.429932,2354.500000,2315.750000,2337.379883,2271.618164,388758
2018-01-11,2335.000000,2374.500000,2316.000000,2360.770020,2294.349854,223436
2018-01-12,2367.500000,2384.500000,2330.679932,2354.149902,2287.916260,257274
2018-01-15,2354.149902,2393.000000,2352.500000,2359.929932,2293.533691,177464
2018-01-16,2362.000000,2386.500000,2300.500000,2338.679932,2272.881592,336198
2018-01-17,2340.000000,2376.500000,2320.020020,2374.899902,2308.082520,205684
2018-01-18,2379.850098,2389.399902,2303.000000,2315.750000,2250.596436,355846
2018-01-19,2332.500000,2346.399902,2315.000000,2342.229980,2276.331787,131186
2018-01-22,2337.500000,2376.000000,2335.000000,2353.679932,2287.459717,161802
2018-01-23,2342.500000,2380.270020,2324.620117,2368.229980,2301.600098,200710
2018-01-24,2368.199951,2377.570068,2340.520020,2359.620117,2293.232422,160134
2018-01-25,2359.600098,2359.600098,2300.500000,2312.800049,2247.729736,796634
2018-01-29,2320.000000,2355.000000,2303.500000,2346.050049,2280.044189,220442
2018-01-30,2334.500000,2370.020020,2320.100098,2352.800049,2286.604248,258332
2018-01-31,2345.000000,2356.199951,2323.600098,2342.070068,2276.176025,143774
2018-02-01,2342.120117,2380.850098,2327.929932,2370.250000,2303.563232,297688
2018-02-02,2337.750000,2370.000000,2288.500000,2363.229980,2296.740967,374368
2018-02-05,2349.500000,2349.500000,2280.000000,2308.350098,2243.405029,354840
2018-02-06,2250.000000,2310.250000,2200.000000,2265.229980,2201.498047,274268
2018-02-07,2307.449951,2312.500000,2246.520020,2275.229980,2211.216553,256576
2018-02-08,2274.929932,2327.000000,2257.750000,2314.000000,2248.896240,199332
2018-02-09,2263.020020,2339.899902,2263.020020,2320.570068,2255.281006,241482
2018-02-12,2335.000000,2395.000000,2335.000000,2386.250000,2319.113281,429514
2018-02-14,2432.500000,2437.899902,2373.179932,2382.070068,2315.050537,699924
2018-02-15,2393.899902,2408.179932,2350.770020,2377.879883,2310.978516,165652
2018-02-16,2400.500000,2405.000000,2368.000000,2390.979980,2323.710205,165568
2018-02-19,2390.750000,2390.750000,2347.949951,2366.649902,2300.064453,89962
2018-02-20,2364.000000,2390.000000,2362.500000,2367.050049,2300.453613,265356
2018-02-21,2387.500000,2393.449951,2369.800049,2384.879883,2317.781494,246902
2018-02-22,2387.000000,2437.500000,2375.679932,2427.929932,2359.620361,424906
2018-02-23,2450.000000,2489.500000,2437.550049,2480.949951,2411.148682,305410
2018-02-26,2482.800049,2499.000000,2472.020020,2482.379883,2412.538574,224702
2018-02-27,2487.500000,2532.899902,2455.250000,2476.120117,2406.454834,427034
2018-02-28,2465.000000,2504.649902,2448.649902,2497.120117,2426.864014,180960
2018-03-01,2492.500000,2499.979980,2460.000000,2471.929932,2402.382568,105070
2018-03-05,2456.000000,2469.729980,2445.699951,2451.229980,2382.264893,157468
2018-03-06,2447.500000,2467.449951,2393.520020,2412.600098,2344.721924,156356
2018-03-07,2412.500000,2457.500000,2390.000000,2442.350098,2373.635010,253844
2018-03-08,2452.750000,2458.750000,2411.120117,2424.199951,2355.995361,268074
2018-03-09,2434.500000,2440.000000,2412.120117,2420.899902,2352.787842,377004
2018-03-12,2437.500000,2447.500000,2410.379883,2433.399902,2364.936523,146012
2018-03-13,2430.270020,2447.500000,2416.179932,2434.979980,2366.471924,218066
2018-03-14,2425.120117,2427.500000,2403.000000,2411.879883,2344.021973,208792
2018-03-15,2421.500000,2448.000000,2406.199951,2434.120117,2365.636230,606398
2018-03-16,2434.979980,2447.500000,2420.000000,2430.300049,2361.923828,303842
2018-03-19,2431.000000,2434.979980,2401.500000,2407.770020,2340.027832,223656
2018-03-20,2410.000000,2417.500000,2403.000000,2412.520020,2344.644043,323252
2018-03-21,2410.000000,2428.000000,2410.000000,2417.229980,2349.221680,404664
2018-03-22,2427.500000,2435.000000,2410.250000,2419.100098,2351.039063,177046
2018-03-23,2405.500000,2435.000000,2395.000000,2419.820068,2351.738770,273344
2018-03-26,2420.020020,2435.000000,2419.479980,2429.000000,2360.660156,192504
2018-03-27,2437.500000,2492.879883,2431.929932,2482.399902,2412.557617,485252
2018-03-28,2482.399902,2502.000000,2452.100098,2485.300049,2415.376221,526032
2018-04-02,2499.000000,2558.850098,2487.199951,2553.520020,2481.677002,291716
2018-04-03,2559.000000,2559.500000,2522.300049,2549.899902,2478.158691,214838
2018-04-04,2528.500000,2542.399902,2495.500000,2512.199951,2441.519287,268380
2018-04-05,2512.500000,2537.350098,2505.500000,2533.929932,2462.638184,204054
2018-04-06,2544.979980,2599.979980,2525.000000,2589.120117,2516.275635,272780
2018-04-09,2591.000000,2603.500000,2568.270020,2581.449951,2508.821045,125078
2018-04-10,2582.000000,2588.750000,2530.000000,2567.120117,2494.894531,148514
2018-04-11,2569.949951,2580.679932,2553.000000,2567.679932,2495.438477,87602
2018-04-12,2566.500000,2601.500000,2555.000000,2581.429932,2508.801758,223378
2018-04-13,2610.000000,2618.070068,2579.300049,2604.449951,2531.174072,293690
2018-04-16,2606.449951,2669.000000,2592.929932,2656.179932,2581.448730,191334
2018-04-17,2668.500000,2710.229980,2657.120117,2671.050049,2595.900635,392794
2018-04-18,2684.000000,2694.199951,2660.500000,2680.820068,2605.395508,129790
2018-04-19,2683.500000,2709.620117,2673.070068,2697.899902,2621.994629,129052
2018-04-20,2698.000000,2700.479980,2649.750000,2661.179932,2586.307861,88072
2018-04-23,2675.000000,2682.399902,2652.229980,2656.520020,2581.779297,181690
2018-04-24,2665.000000,2671.550049,2625.550049,2648.600098,2574.082031,116198
2018-04-25,2650.000000,2726.250000,2638.620117,2687.649902,2612.032959,190562
2018-04-26,2690.000000,2706.020020,2672.550049,2686.699951,2611.110107,184850
2018-04-27,2695.000000,2747.929932,2689.179932,2730.379883,2653.561035,176864
2018-04-30,2731.500000,2768.229980,2730.000000,2756.600098,2679.043701,129498
2018-05-02,2772.500000,2782.750000,2704.399902,2712.520020,2636.203369,144158
2018-05-03,2730.000000,2730.000000,2660.000000,2668.550049,2593.470703,152102
2018-05-04,2675.000000,2713.620117,2650.500000,2692.250000,2616.503662,225300
2018-05-07,2692.250000,2750.020020,2692.250000,2736.350098,2659.363037,151632
2018-05-08,2745.000000,2750.000000,2691.620117,2722.350098,2645.757080,107506
2018-05-09,2709.500000,2726.270020,2694.550049,2700.750000,2624.764648,125672
2018-05-10,2700.229980,2713.070068,2672.750000,2693.229980,2617.456299,200292
2018-05-11,2700.000000,2746.199951,2700.000000,2738.850098,2661.792725,124232
2018-05-14,2755.000000,2755.000000,2706.600098,2732.050049,2655.184326,80048
2018-05-15,2750.000000,2753.850098,2708.149902,2727.399902,2650.664795,277736
2018-05-16,2715.000000,2792.500000,2667.820068,2771.100098,2693.135498,478002
2018-05-17,2775.000000,2785.000000,2720.520020,2738.379883,2661.335938,266524
2018-05-18,2754.500000,2820.000000,2740.120117,2798.520020,2719.783936,306418
2018-05-21,2803.500000,2835.500000,2739.449951,2760.800049,2683.125244,222480
2018-05-22,2774.729980,2815.000000,2760.149902,2802.199951,2723.360352,223362
2018-05-23,2810.000000,2867.500000,2800.000000,2857.850098,2777.444580,389010
2018-05-24,2851.679932,2895.949951,2841.000000,2859.100098,2778.659912,263790
2018-05-25,2860.000000,2925.000000,2853.020020,2913.750000,2831.772217,234922
2018-05-28,2939.379883,2939.379883,2896.500000,2921.479980,2839.284424,136482
2018-05-29,2927.350098,2934.000000,2889.120117,2902.550049,2820.887207,169824
2018-05-30,2876.699951,2909.770020,2868.000000,2894.929932,2813.481445,220698
2018-05-31,2900.000000,3007.899902,2880.000000,2961.979980,2878.645020,620770
2018-06-01,2987.000000,2987.000000,2897.100098,2906.229980,2824.463623,244766
2018-06-04,2918.699951,2932.020020,2855.300049,2883.100098,2801.984375,234986
2018-06-05,2877.770020,2920.000000,2877.770020,2905.899902,2824.142822,146208
2018-06-06,2902.500000,2944.500000,2902.500000,2938.479980,2855.805908,137324
2018-06-07,2955.000000,3008.500000,2944.050049,2996.649902,2912.339355,244240
2018-06-08,3008.000000,3008.000000,2944.020020,2958.820068,2875.574219,176896
2018-06-11,2963.500000,2982.120117,2950.500000,2955.229980,2872.084717,138474
2018-06-12,2955.229980,2977.500000,2930.270020,2973.300049,2889.646729,90798
2018-06-13,2967.550049,3040.000000,2967.550049,3008.570068,2923.924561,198276
2018-06-14,3023.500000,3023.500000,2985.500000,3000.879883,2916.450439,153536
2018-06-15,3007.500000,3089.729980,2997.649902,3068.300049,2981.973633,358540
2018-06-18,3066.850098,3066.850098,3029.949951,3037.000000,2951.554443,234716
2018-06-19,3030.000000,3041.479980,2961.020020,2988.270020,2904.195557,190784
2018-06-20,2999.199951,3027.750000,2985.000000,2997.770020,2913.428467,259288
2018-06-21,3000.000000,3014.979980,2975.000000,2981.350098,2897.470215,151972
2018-06-22,2984.449951,2999.000000,2947.520020,2979.729980,2895.895752,184020
2018-06-25,2987.000000,3024.949951,2980.000000,2988.699951,2904.613281,129686
2018-06-26,3003.000000,3040.899902,2981.500000,3025.050049,2939.940674,225122
2018-06-27,3043.000000,3064.500000,3024.000000,3043.800049,2958.163086,273890
2018-06-28,3062.000000,3074.000000,3027.770020,3064.770020,2978.543213,256268
2018-06-29,3075.000000,3128.979980,3056.149902,3106.879883,3019.468018,315222
2018-07-02,3113.500000,3133.979980,3085.070068,3116.479980,3028.798340,160600
2018-07-03,3129.800049,3129.800049,3093.020020,3108.270020,3020.819092,187682
2018-07-04,3105.020020,3159.550049,3105.020020,3149.879883,3061.258301,197908
2018-07-05,3174.500000,3184.500000,3147.100098,3153.649902,3064.922363,144032
2018-07-06,3145.000000,3179.750000,3140.500000,3154.949951,3066.185791,234676
2018-07-09,3155.500000,3203.570068,3150.000000,3191.429932,3101.639404,123170
2018-07-10,3205.000000,3212.520020,3185.120117,3194.850098,3104.963623,183948
2018-07-11,3204.000000,3204.479980,3154.000000,3178.879883,3089.442383,294276
2018-07-12,3199.979980,3215.600098,3161.120117,3202.820068,3112.708984,287710
2018-07-13,3195.000000,3250.000000,3195.000000,3237.550049,3146.461670,220690
2018-07-16,3250.000000,3283.500000,3249.979980,3266.350098,3174.451904,172274
2018-07-17,3272.500000,3287.100098,3207.270020,3213.449951,3123.040039,217354
2018-07-18,3225.500000,3237.520020,3155.000000,3182.899902,3093.349365,214518
2018-07-19,3182.500000,3198.199951,3141.620117,3186.149902,3096.508057,197248
2018-07-20,3188.000000,3217.350098,3155.500000,3179.070068,3089.627197,193864
2018-07-23,3200.000000,3236.199951,3182.500000,3217.979980,3127.442627,169912
2018-07-24,3232.500000,3247.500000,3199.000000,3233.229980,3142.263428,158028
2018-07-25,3249.500000,3262.000000,3215.000000,3222.000000,3131.349365,108572
2018-07-26,3244.500000,3247.270020,3207.270020,3225.149902,3134.410645,215952
2018-07-27,3222.000000,3250.000000,3185.000000,3192.600098,3114.849121,139908
2018-07-30,3212.500000,3212.500000,3102.820068,3165.729980,3113.010254,387246
2018-07-31,3189.949951,3280.000000,3145.729980,3271.100098,3216.625488,344678
2018-08-01,3290.000000,3312.500000,3212.479980,3244.929932,3190.891357,307076
2018-08-02,3240.000000,3274.500000,3219.520020,3228.699951,3174.931641,232300
2018-08-03,3260.000000,3261.000000,3184.100098,3196.350098,3143.120605,344500
2018-08-06,3220.000000,3244.000000,3132.429932,3163.350098,3110.670166,1199318
2018-08-07,3167.000000,3183.270020,3085.000000,3100.199951,3048.571533,699322
2018-08-08,3115.800049,3158.500000,3108.020020,3150.699951,3098.230713,383192
2018-08-09,3160.000000,3179.270020,3140.270020,3167.699951,3114.947510,261426
2018-08-10,3181.500000,3181.500000,3140.550049,3171.879883,3119.057861,218272
2018-08-13,3171.500000,3225.500000,3156.500000,3215.320068,3161.774414,324370
2018-08-14,3225.000000,3247.199951,3212.270020,3229.750000,3175.964111,336188
2018-08-16,3234.500000,3260.000000,3213.050049,3247.070068,3192.995850,295894
2018-08-17,3259.649902,3320.229980,3239.600098,3314.949951,3259.745117,403128
2018-08-20,3334.500000,3393.399902,3325.000000,3385.699951,3329.317139,289424
2018-08-21,3397.500000,3457.100098,3355.020020,3428.729980,3371.630371,440782
2018-08-23,3459.000000,3467.179932,3415.850098,3450.070068,3392.614990,325100
2018-08-24,3445.000000,3445.000000,3382.500000,3386.729980,3330.329834,275836
2018-08-27,3393.300049,3430.000000,3390.750000,3402.479980,3345.817383,130788
2018-08-28,3421.949951,3429.229980,3409.500000,3422.820068,3365.819092,155306
2018-08-29,3425.500000,3425.500000,3363.100098,3367.899902,3311.813477,189950
2018-08-30,3367.899902,3388.000000,3282.600098,3345.000000,3289.294678,300922
2018-08-31,3345.300049,3390.000000,3325.020020,3368.379883,3312.285400,219378
2018-09-03,3395.000000,3407.479980,3266.000000,3282.929932,3228.258301,170104
2018-09-04,3268.199951,3304.320068,3149.850098,3172.020020,3119.195557,408846
2018-09-05,3134.000000,3159.879883,3025.000000,3092.500000,3040.999756,746628
2018-09-06,3099.979980,3159.479980,3060.570068,3097.229980,3045.651123,365564
2018-09-07,3120.449951,3137.199951,3087.899902,3114.550049,3062.682617,173558
2018-09-10,3120.000000,3122.500000,3042.500000,3047.000000,2996.257568,171172
2018-09-11,3051.300049,3055.270020,2960.070068,2970.020020,2920.559326,424094
2018-09-12,2990.000000,3030.000000,2955.179932,3007.750000,2957.661133,439116
2018-09-14,3034.500000,3075.000000,3000.000000,3056.149902,3005.254883,522686
2018-09-17,3054.000000,3054.000000,2988.270020,3010.879883,2960.738770,295048
2018-09-18,3011.250000,3077.699951,3001.229980,3033.199951,2982.687500,475678
2018-09-19,3064.000000,3064.000000,2965.000000,2979.949951,2930.324219,266474
2018-09-21,2987.550049,3002.479980,2685.020020,2895.379883,2847.162354,741492
2018-09-24,2918.750000,2918.750000,2781.250000,2801.000000,2754.354248,391462
2018-09-25,2812.500000,2905.649902,2741.020020,2886.929932,2838.853271,468202
2018-09-26,2935.000000,2937.500000,2825.000000,2840.949951,2793.638916,381034
2018-09-27,2842.500000,2883.000000,2812.500000,2849.899902,2802.439697,464964
2018-09-28,2897.000000,2945.000000,2767.100098,2911.750000,2863.260010,886018
2018-10-01,2930.000000,2940.000000,2850.500000,2921.770020,2873.113037,345992
2018-10-03,2912.000000,2917.320068,2851.000000,2869.699951,2821.910156,267012
2018-10-04,2849.000000,2849.000000,2775.199951,2812.679932,2765.839844,637498
2018-10-05,2807.500000,2807.500000,2690.070068,2723.850098,2678.489258,518324
2018-10-08,2694.500000,2784.949951,2673.570068,2771.750000,2725.591309,459540
2018-10-09,2824.000000,2839.449951,2723.070068,2755.620117,2709.730225,638166
2018-10-10,2737.500000,2875.000000,2732.020020,2854.250000,2806.717529,274440
2018-10-11,2762.500000,2831.229980,2745.300049,2785.100098,2738.718994,274782
2018-10-12,2834.729980,2894.500000,2810.649902,2878.750000,2830.809326,435472
2018-10-15,2892.000000,2892.479980,2810.000000,2835.800049,2788.574707,388950
2018-10-16,2855.729980,2885.000000,2810.000000,2850.250000,2802.783936,196318
2018-10-17,2879.500000,2888.820068,2752.550049,2770.520020,2724.381836,378956
2018-10-19,2774.000000,2797.000000,2737.500000,2781.750000,2735.424805,341554
2018-10-22,2808.500000,2811.250000,2775.500000,2790.070068,2743.606201,190686
2018-10-23,2784.500000,2800.550049,2726.120117,2742.270020,2696.602295,384402
2018-10-24,2762.750000,2792.000000,2655.000000,2680.070068,2635.438232,484590
2018-10-25,2655.000000,2704.800049,2628.000000,2654.649902,2610.441406,496216
2018-10-26,2669.729980,2694.500000,2628.600098,2660.250000,2615.947998,267434
2018-10-29,2658.899902,2724.500000,2651.320068,2699.120117,2654.171143,188156
2018-10-30,2710.000000,2733.500000,2687.699951,2723.949951,2678.587158,269272
2018-10-31,2733.500000,2833.020020,2719.520020,2822.050049,2775.053711,424200
2018-11-01,2840.000000,2858.929932,2782.500000,2791.520020,2745.031982,251860
2018-11-02,2810.500000,2862.500000,2790.000000,2800.500000,2753.862549,253576
2018-11-05,2807.000000,2865.729980,2805.500000,2857.250000,2809.667480,183000
2018-11-06,2862.250000,2899.500000,2825.600098,2860.620117,2812.981445,230172
2018-11-07,2871.120117,2910.000000,2871.120117,2905.229980,2856.848389,77806
2018-11-09,2917.000000,2944.500000,2850.500000,2873.229980,2825.381348,442248
2018-11-12,2883.750000,2911.199951,2791.699951,2878.770020,2830.829102,697690
2018-11-13,2890.000000,2920.000000,2828.000000,2906.270020,2857.871094,361806
2018-11-14,2930.000000,2931.500000,2865.800049,2885.379883,2837.328857,309186
2018-11-15,2897.000000,2914.000000,2866.020020,2909.070068,2860.624512,122506
2018-11-16,2916.500000,2995.000000,2895.000000,2973.820068,2924.296387,451886
2018-11-19,2995.000000,3012.000000,2970.000000,2994.770020,2944.897217,368136
2018-11-20,2985.000000,3002.949951,2920.429932,2944.350098,2895.317139,216502
2018-11-21,2955.000000,3012.500000,2955.000000,3002.320068,2952.321777,395944
2018-11-22,3005.000000,3030.199951,2990.000000,3004.350098,2954.317871,349046
2018-11-26,3019.000000,3029.449951,2975.500000,3004.020020,2953.993164,348208
2018-11-27,3009.949951,3040.000000,2983.000000,3017.520020,2967.268311,430868
2018-11-28,3035.000000,3035.000000,2975.250000,2980.879883,2931.238525,497656
2018-11-29,3016.000000,3045.000000,2985.000000,3032.350098,2981.851563,414182
2018-11-30,3040.899902,3197.000000,3040.800049,3169.750000,3116.963379,954568
2018-12-03,3175.000000,3188.899902,3081.350098,3094.500000,3042.966553,311813
2018-12-04,3100.199951,3128.750000,3056.100098,3093.100098,3041.589844,329006
2018-12-05,3090.000000,3109.399902,3065.050049,3093.000000,3041.491455,205221
2018-12-06,3078.899902,3078.899902,2980.000000,2986.350098,2936.617432,302116
2018-12-07,2986.350098,3013.850098,2950.000000,3005.350098,2955.301270,155500
2018-12-10,2984.949951,3000.000000,2930.000000,2980.649902,2931.012207,197626
2018-12-11,2970.000000,3009.899902,2940.000000,2997.199951,2947.286621,198219
2018-12-12,3001.800049,3074.000000,3000.250000,3056.500000,3005.599365,261560
2018-12-13,3088.000000,3157.949951,3083.149902,3143.199951,3090.855469,401085
2018-12-14,3139.699951,3171.100098,3097.449951,3135.750000,3083.529541,187229
2018-12-17,3159.750000,3170.000000,3114.000000,3163.199951,3110.522461,228526
2018-12-18,3157.000000,3183.000000,3130.000000,3168.699951,3115.930908,230834
2018-12-19,3179.899902,3245.000000,3170.000000,3228.850098,3175.079346,425672
2018-12-20,3207.699951,3234.750000,3160.149902,3170.850098,3118.045166,205790
2018-12-21,3199.000000,3200.000000,3107.100098,3119.800049,3067.845215,359201
2018-12-24,3120.500000,3157.000000,3082.149902,3100.550049,3048.915771,245822
2018-12-26,3086.399902,3114.000000,3041.000000,3088.949951,3037.508789,159442
2018-12-27,3110.000000,3124.949951,3062.000000,3075.399902,3024.184326,240314
2018-12-28,3083.000000,3114.350098,3080.949951,3098.500000,3046.899902,169577
2018-12-31,3105.149902,3120.000000,3083.000000,3115.399902,3063.518311,184698
2019-01-01,3120.000000,3128.899902,3080.000000,3103.050049,3051.374023,140863
2019-01-02,3100.000000,3131.000000,3081.199951,3116.850098,3064.944336,152324
2019-01-03,3116.850098,3177.000000,3097.399902,3135.899902,3083.677002,311498
2019-01-04,3137.949951,3159.199951,3105.550049,3122.699951,3070.696777,170818
2019-01-07,3137.100098,3155.000000,3125.000000,3143.800049,3091.445557,152966
2019-01-08,3155.000000,3155.000000,3080.000000,3089.550049,3038.098877,217274
2019-01-09,3114.000000,3119.850098,3081.000000,3092.649902,3041.147217,257227
2019-01-10,3100.000000,3100.000000,3073.000000,3088.949951,3037.508789,229690
2019-01-11,3090.000000,3116.750000,3079.600098,3096.850098,3045.277588,353709
2019-01-14,3102.000000,3124.000000,3063.000000,3113.649902,3061.797607,154975
2019-01-15,3120.149902,3199.899902,3095.000000,3183.899902,3130.877441,278642
2019-01-16,3184.000000,3204.899902,3145.000000,3175.750000,3122.863281,182044
2019-01-17,3181.000000,3212.000000,3175.050049,3207.100098,3153.691406,154540
2019-01-18,3214.850098,3217.350098,3134.250000,3171.350098,3118.536865,161433
2019-01-21,3170.000000,3198.550049,3136.500000,3148.399902,3095.968750,174710
2019-01-22,3150.000000,3174.949951,3130.149902,3153.649902,3101.131348,156085
2019-01-23,3177.000000,3229.000000,3161.050049,3203.850098,3150.495605,286992
2019-01-24,3217.000000,3225.000000,3190.550049,3216.850098,3163.279053,148520
2019-01-25,3221.000000,3270.000000,3193.050049,3206.649902,3153.248535,325166
2019-01-28,3210.500000,3222.000000,3131.000000,3203.449951,3150.102051,216799
2019-01-29,3197.000000,3197.000000,3152.500000,3180.050049,3127.091797,179979
2019-01-30,3197.000000,3222.000000,3180.100098,3208.800049,3155.363037,116521
2019-01-31,3231.949951,3231.949951,3189.199951,3197.699951,3144.447754,255273
2019-02-01,3201.000000,3286.000000,3201.000000,3251.000000,3196.860352,387188
2019-02-04,3251.350098,3280.399902,3228.199951,3266.000000,3211.610352,140277
2019-02-05,3278.000000,3316.000000,3150.100098,3167.050049,3114.308350,503959
2019-02-06,3188.500000,3199.949951,3105.050049,3181.399902,3128.419189,313476
2019-02-07,3210.000000,3230.000000,3174.100098,3214.100098,3160.574951,374133
2019-02-08,3138.500000,3210.000000,3095.000000,3110.000000,3058.208252,640983
2019-02-11,3120.000000,3132.300049,3055.300049,3107.550049,3055.799072,265355
2019-02-12,3105.000000,3107.000000,3001.000000,3008.600098,2958.497070,515301
2019-02-14,2915.000000,2949.000000,2900.000000,2924.600098,2875.895996,288540
2019-02-15,2945.000000,2945.000000,2846.000000,2858.350098,2810.749268,374811
2019-02-18,2860.000000,2939.000000,2759.000000,2911.699951,2863.210693,700981
2019-02-19,2910.199951,2975.949951,2851.000000,2873.550049,2825.696045,484180
2019-02-20,2884.000000,2930.000000,2884.000000,2922.300049,2873.634277,271061
2019-02-21,2943.949951,3018.000000,2935.000000,3001.600098,2951.613770,724297
2019-02-22,3008.000000,3057.300049,2972.699951,3012.800049,2962.626953,313430
2019-02-25,3013.199951,3077.000000,2982.000000,3048.199951,2997.437500,336072
2019-02-26,3056.000000,3092.949951,3018.250000,3073.500000,3022.316162,568492
2019-02-27,3080.000000,3108.949951,3023.350098,3058.600098,3007.664307,393442
2019-02-28,3071.000000,3098.600098,3032.899902,3056.899902,3005.992676,447041
2019-03-01,3083.000000,3090.350098,3062.300049,3077.250000,3026.003662,217420
2019-03-05,3065.199951,3100.250000,3060.000000,3068.850098,3017.743652,246280
2019-03-06,3086.949951,3086.949951,3009.000000,3026.850098,2976.443359,383038
2019-03-07,3045.000000,3069.000000,3028.699951,3043.850098,2993.160156,254411
2019-03-08,3041.000000,3079.500000,3021.000000,3071.199951,3020.054443,190651
2019-03-11,3086.000000,3139.500000,3066.500000,3133.449951,3081.267822,336189
2019-03-12,3165.899902,3178.800049,3120.899902,3135.149902,3082.939453,413123
2019-03-13,3136.000000,3150.000000,3093.899902,3126.949951,3074.876221,298030
2019-03-14,3135.000000,3170.000000,3116.000000,3149.399902,3096.952148,293230
2019-03-15,3160.000000,3169.000000,3054.699951,3066.550049,3015.482178,403251
2019-03-18,3090.000000,3134.899902,3060.100098,3123.350098,3071.336182,238905
2019-03-19,3128.000000,3138.850098,3084.000000,3125.399902,3073.351807,184380
2019-03-20,3126.800049,3135.000000,3079.399902,3088.100098,3036.673096,257001
2019-03-22,3094.000000,3117.899902,3088.000000,3098.600098,3046.998291,197654
2019-03-25,3074.750000,3099.000000,3061.100098,3090.750000,3039.278809,224948
2019-03-26,3100.000000,3132.000000,3060.000000,3099.149902,3047.538818,340645
2019-03-27,3117.000000,3117.000000,3078.000000,3096.899902,3045.326416,360838
2019-03-28,3092.000000,3118.500000,3028.000000,3096.550049,3044.982422,3470524
2019-04-01,3104.949951,3109.000000,3044.000000,3049.850098,2999.060059,497409
2019-04-02,3056.000000,3059.600098,2980.399902,2994.199951,2944.336670,378147
2019-04-03,2990.000000,3013.500000,2955.199951,2990.100098,2940.305176,439719
2019-04-04,3001.949951,3055.000000,2984.149902,3041.800049,2991.144287,464430
2019-04-05,3048.000000,3051.050049,2985.750000,2994.050049,2944.189453,387504
2019-04-08,3000.000000,3013.949951,2964.500000,2971.500000,2922.014893,293053
2019-04-09,2973.100098,2988.750000,2942.500000,2962.899902,2913.557861,350181
2019-04-10,2969.899902,2995.000000,2951.300049,2958.800049,2909.526367,377556
2019-04-11,2964.000000,2974.050049,2940.000000,2946.050049,2896.988770,276801
2019-04-12,2952.000000,2990.000000,2944.000000,2984.300049,2934.601563,261483
2019-04-15,2998.000000,3008.000000,2972.000000,2998.449951,2948.515869,221766
2019-04-16,3000.000000,3030.000000,2998.000000,3020.500000,2970.198975,258557
2019-04-18,3029.850098,3029.850098,2988.149902,2997.750000,2947.827637,155314
2019-04-22,2989.000000,3014.000000,2971.000000,3000.149902,2950.187744,150447
2019-04-23,3002.000000,3013.949951,2986.350098,2991.000000,2941.190186,138140
2019-04-24,2988.000000,2997.550049,2952.050049,2978.199951,2928.603271,222279
2019-04-25,2988.000000,2999.000000,2962.649902,2969.250000,2919.802246,163138
2019-04-26,2990.000000,2990.000000,2955.000000,2967.699951,2918.277832,121340
2019-04-30,2970.000000,2974.899902,2876.050049,2896.050049,2847.821289,458803
2019-05-02,2927.000000,2959.949951,2772.000000,2783.050049,2736.703125,1439763
2019-05-03,2782.949951,2803.850098,2690.000000,2696.149902,2651.250244,1857697
2019-05-06,2699.000000,2699.000000,2654.449951,2666.000000,2621.602295,764919
2019-05-07,2683.000000,2720.500000,2644.699951,2650.550049,2606.409912,1182277
2019-05-08,2656.600098,2667.100098,2615.850098,2649.500000,2605.377197,723429
2019-05-09,2637.000000,2689.800049,2637.000000,2672.399902,2627.895752,457843
2019-05-10,2680.000000,2725.000000,2673.000000,2688.550049,2643.776855,471289
2019-05-13,2695.000000,2707.600098,2668.550049,2676.550049,2631.976807,332869
2019-05-14,2675.899902,2723.000000,2658.050049,2697.600098,2652.676270,403041
2019-05-15,2700.000000,2709.949951,2660.000000,2687.750000,2642.990234,322361
2019-05-16,2699.800049,2737.000000,2677.800049,2716.199951,2670.966309,307180
2019-05-17,2719.850098,2785.100098,2710.000000,2779.250000,2732.966309,533790
2019-05-20,2839.000000,2840.000000,2781.000000,2801.199951,2754.550781,442704
2019-05-21,2800.000000,2867.399902,2794.100098,2848.699951,2801.259766,490607
2019-05-22,2861.000000,2878.000000,2817.500000,2852.649902,2805.143799,393507
2019-05-23,2874.000000,2890.000000,2827.100098,2838.699951,2791.426514,262582
2019-05-24,2845.000000,2867.000000,2808.199951,2851.050049,2803.570801,227827
2019-05-27,2870.000000,2905.000000,2858.050049,2896.550049,2848.312988,267259
2019-05-28,2910.000000,2925.000000,2880.000000,2887.000000,2838.922119,441693
2019-05-29,2887.500000,2930.000000,2871.000000,2917.000000,2868.422363,248043
2019-05-30,2921.000000,2937.050049,2874.600098,2887.149902,2839.069336,225789
2019-05-31,2895.000000,2970.000000,2889.600098,2921.949951,2873.290039,577546
2019-06-03,2936.000000,3000.000000,2935.899902,2970.199951,2920.736328,535064
2019-06-04,2970.199951,2985.000000,2951.000000,2963.100098,2913.754883,211082
2019-06-06,2965.300049,2977.949951,2881.800049,2901.350098,2853.033203,333116
2019-06-07,2905.000000,2919.300049,2860.000000,2899.300049,2851.017334,285268
2019-06-10,2909.699951,3005.000000,2909.699951,2994.300049,2944.435303,477974
2019-06-11,3005.000000,3010.000000,2970.000000,2980.300049,2930.668457,282227
2019-06-12,2979.949951,3005.000000,2960.949951,2996.899902,2946.991699,203661
2019-06-13,2989.300049,2994.600098,2952.000000,2984.550049,2934.847412,213532
2019-06-14,2972.000000,2986.149902,2954.449951,2964.100098,2914.738037,117529
2019-06-17,2964.100098,2977.899902,2891.100098,2899.199951,2850.918701,234062
2019-06-18,2905.000000,2905.000000,2860.000000,2867.250000,2819.500977,302729
2019-06-19,2872.000000,2904.500000,2850.000000,2875.699951,2827.810303,258721
2019-06-20,2850.000000,2870.850098,2796.550049,2834.050049,2786.853760,425859
2019-06-21,2835.000000,2874.449951,2805.000000,2826.699951,2779.626221,363700
2019-06-24,2830.000000,2865.000000,2771.050049,2780.500000,2734.195557,369267
2019-06-25,2776.000000,2818.350098,2753.600098,2807.699951,2760.942627,304799
2019-06-26,2805.000000,2813.449951,2700.000000,2732.899902,2687.388184,1387720
2019-06-27,2740.000000,2764.600098,2720.000000,2725.899902,2680.504883,964520
2019-06-28,2735.000000,2768.000000,2732.000000,2743.699951,2698.008545,363938
2019-07-01,2750.100098,2771.000000,2732.000000,2737.550049,2691.960938,282998
2019-07-02,2741.050049,2777.000000,2734.300049,2769.250000,2723.133057,242283
2019-07-03,2779.000000,2819.000000,2765.449951,2794.699951,2748.159180,454114
2019-07-04,2790.000000,2850.000000,2789.000000,2841.350098,2794.032471,346395
2019-07-05,2858.000000,2862.899902,2811.899902,2824.850098,2777.807129,361520
2019-07-08,2829.899902,2834.949951,2771.050049,2781.149902,2734.834717,302972
2019-07-09,2770.000000,2778.399902,2730.149902,2762.649902,2716.642822,314268
2019-07-10,2762.000000,2805.000000,2742.899902,2769.550049,2723.427979,356987
2019-07-11,2780.000000,2790.899902,2757.000000,2765.149902,2719.101074,206136
2019-07-12,2763.000000,2800.000000,2750.750000,2780.600098,2734.293945,186082
2019-07-15,2795.000000,2795.000000,2755.000000,2773.600098,2727.410645,150530
2019-07-16,2770.000000,2777.000000,2737.600098,2747.149902,2701.400879,221663
2019-07-17,2753.949951,2809.949951,2748.000000,2797.800049,2751.207520,306989
2019-07-18,2800.000000,2844.000000,2787.550049,2820.850098,2773.873779,477907
2019-07-19,2836.350098,2836.649902,2712.100098,2749.149902,2703.367676,403725
2019-07-22,2755.000000,2773.300049,2718.000000,2734.500000,2688.961670,209576
2019-07-23,2739.000000,2749.949951,2701.000000,2730.199951,2684.733398,242451
2019-07-24,2729.000000,2740.000000,2620.050049,2641.449951,2597.461182,525583
2019-07-25,2635.649902,2685.000000,2631.100098,2671.550049,2627.060059,771878
2019-07-26,2665.000000,2684.850098,2616.550049,2668.449951,2624.011475,393941
2019-07-29,2661.750000,2689.300049,2652.600098,2672.300049,2627.797363,245049
2019-07-30,2675.000000,2696.949951,2592.500000,2617.050049,2573.467529,354859
2019-07-31,2621.000000,2632.000000,2540.300049,2605.000000,2561.618164,487675
2019-08-01,2590.000000,2620.600098,2575.050049,2600.899902,2572.398682,332895
2019-08-02,2588.899902,2625.000000,2555.000000,2594.399902,2565.969971,347132
2019-08-05,2585.949951,2597.000000,2542.850098,2578.350098,2550.095947,211393
2019-08-06,2563.000000,2611.750000,2538.300049,2550.550049,2522.600586,404564
2019-08-07,2551.000000,2565.050049,2530.000000,2540.550049,2512.710205,308676
2019-08-08,2558.800049,2590.000000,2536.850098,2577.600098,2549.354248,286738
2019-08-09,2590.899902,2644.350098,2522.300049,2588.149902,2559.788330,1430286
2019-08-13,2565.000000,2565.000000,2491.000000,2511.899902,2484.374023,731080
2019-08-14,2549.699951,2549.699951,2470.000000,2478.899902,2451.735596,466208
2019-08-16,2500.000000,2505.000000,2442.000000,2499.449951,2472.060547,734216
2019-08-19,2520.000000,2520.000000,2471.100098,2478.399902,2451.241211,586547
2019-08-20,2470.000000,2470.000000,2371.000000,2393.500000,2367.271484,1174827
2019-08-21,2389.000000,2405.000000,2300.000000,2384.500000,2358.370117,1700962
2019-08-22,2393.500000,2477.000000,2393.000000,2440.750000,2414.003906,1252406
2019-08-23,2425.399902,2502.000000,2402.199951,2466.649902,2439.619873,629497
2019-08-26,2500.000000,2547.800049,2483.550049,2533.850098,2506.083740,748623
2019-08-27,2535.350098,2724.300049,2530.000000,2685.899902,2656.467285,2211174
2019-08-28,2700.000000,2743.250000,2672.050049,2703.100098,2673.479004,1149926
2019-08-29,2703.199951,2737.000000,2651.500000,2676.850098,2647.516602,535368
2019-08-30,2690.000000,2726.449951,2687.500000,2701.649902,2672.044678,507782
2019-09-03,2699.000000,2763.149902,2683.100098,2707.850098,2678.177002,716548
2019-09-04,2710.000000,2747.550049,2626.000000,2635.449951,2606.570068,752108
2019-09-05,2651.000000,2705.000000,2640.000000,2678.649902,2649.296631,931162
2019-09-06,2695.399902,2721.300049,2646.199951,2668.000000,2638.763428,478053
2019-09-09,2669.899902,2694.800049,2650.199951,2682.699951,2653.302490,298664
2019-09-11,2696.000000,2704.000000,2660.000000,2666.399902,2637.180908,334013
2019-09-12,2666.399902,2683.149902,2647.649902,2677.000000,2647.664795,310751
2019-09-13,2681.000000,2682.000000,2642.000000,2674.600098,2645.291260,245991
2019-09-16,2660.000000,2730.000000,2646.100098,2715.050049,2685.298096,428246
2019-09-17,2720.000000,2740.949951,2678.800049,2692.449951,2662.945557,604927
2019-09-18,2668.699951,2668.699951,2588.199951,2613.850098,2585.207031,832018
2019-09-19,2618.000000,2653.199951,2590.000000,2621.800049,2593.069824,499689
2019-09-20,2633.000000,2883.000000,2602.550049,2867.000000,2835.582764,1324910
2019-09-23,2960.000000,3583.750000,2951.000000,3053.649902,3020.187500,1743589
2019-09-24,3100.000000,3115.000000,3055.000000,3080.199951,3046.446533,809417
2019-09-25,3079.949951,3090.300049,3001.000000,3036.000000,3002.730957,582998
2019-09-26,3058.000000,3105.000000,3050.000000,3092.800049,3058.908447,514054
2019-09-27,3100.050049,3109.699951,3005.949951,3015.100098,2982.060059,432428
2019-09-30,3010.000000,3023.949951,2930.100098,2944.149902,2911.887451,553451
2019-10-01,2952.000000,2987.399902,2900.149902,2919.550049,2887.557129,474514
2019-10-03,2914.800049,2919.000000,2850.000000,2902.949951,2871.138916,285265
2019-10-04,2915.000000,2931.350098,2835.100098,2845.149902,2813.972168,313496
2019-10-07,2857.850098,2968.750000,2851.449951,2953.350098,2920.986816,969709
2019-10-09,2971.800049,3074.649902,2926.899902,3058.500000,3024.984375,1037068
2019-10-10,3060.100098,3061.000000,3001.000000,3037.750000,3004.461670,422209
2019-10-11,3048.899902,3096.949951,3043.300049,3081.949951,3048.177246,510119
2019-10-14,3093.949951,3124.000000,3068.949951,3109.649902,3075.573730,350920
2019-10-15,3129.100098,3193.649902,3112.350098,3181.100098,3146.240967,583008
2019-10-16,3185.000000,3185.000000,3155.000000,3176.750000,3141.938477,271629
2019-10-17,3176.000000,3266.350098,3160.000000,3247.850098,3212.259521,673820
2019-10-18,3227.850098,3259.199951,3222.550049,3252.350098,3216.710205,230815
2019-10-22,3220.100098,3291.899902,3220.100098,3248.050049,3212.457275,435837
2019-10-23,3260.000000,3344.500000,3253.000000,3294.699951,3258.595947,591914
2019-10-24,3312.000000,3342.000000,3260.250000,3283.800049,3247.815430,401741
2019-10-25,3298.850098,3298.850098,3247.000000,3267.100098,3231.298584,213353
2019-10-27,null,null,null,null,null,null
2019-10-29,3273.000000,3367.000000,3259.000000,3352.500000,3315.762695,458464
2019-10-30,3373.000000,3399.000000,3276.000000,3290.100098,3254.046631,496662
2019-10-31,3298.600098,3343.550049,3255.000000,3266.600098,3230.803955,488894
2019-11-01,3295.000000,3295.000000,3236.699951,3268.550049,3232.732666,320106
2019-11-04,3290.000000,3299.000000,3227.000000,3239.850098,3204.347168,283144
2019-11-05,3255.000000,3280.000000,3202.300049,3231.750000,3196.335938,330794
2019-11-06,3239.850098,3257.850098,3191.000000,3227.850098,3192.478760,347320
2019-11-07,3249.000000,3256.600098,3204.899902,3223.800049,3188.472900,288996
2019-11-08,3228.000000,3245.449951,3143.000000,3158.000000,3123.394043,376182
2019-11-11,3157.000000,3195.000000,3110.000000,3119.550049,3085.365479,464906
2019-11-13,3271.000000,3299.000000,3200.000000,3269.750000,3233.919434,1853222
2019-11-14,3274.899902,3274.899902,3200.000000,3230.800049,3195.396240,515326
2019-11-15,3230.199951,3260.000000,3185.149902,3195.550049,3160.532471,261412
2019-11-18,3203.000000,3217.149902,3126.000000,3140.899902,3106.481201,429862
2019-11-19,3140.899902,3158.350098,3110.000000,3120.350098,3086.156738,261351
2019-11-20,3120.000000,3135.000000,3060.000000,3116.300049,3082.151123,504339
2019-11-21,3113.000000,3113.000000,3061.649902,3072.649902,3038.979248,295648
2019-11-22,3062.250000,3072.000000,3016.149902,3022.649902,2989.527100,349622
2019-11-25,3025.500000,3045.000000,3004.300049,3040.600098,3007.280518,437144
2019-11-26,3048.000000,3083.000000,3041.000000,3055.250000,3021.770020,620959
2019-11-27,3060.000000,3100.000000,3060.000000,3091.100098,3057.227295,235618
2019-11-28,3110.399902,3110.399902,3060.000000,3098.250000,3064.298828,234706
2019-11-29,3085.000000,3095.000000,3050.000000,3057.699951,3024.193115,221117
2019-12-02,3057.699951,3089.949951,3051.550049,3069.699951,3036.061523,387666
2019-12-03,3069.699951,3116.000000,3027.149902,3048.300049,3014.896240,522267
2019-12-04,3039.899902,3067.350098,3023.550049,3049.250000,3015.835693,263755
2019-12-05,3064.399902,3094.649902,3041.000000,3082.899902,3049.116943,278358
2019-12-06,3090.050049,3098.199951,3059.699951,3069.600098,3035.962891,206989
2019-12-09,3084.800049,3084.800049,3047.449951,3058.399902,3024.885254,206624
2019-12-10,3066.050049,3079.000000,3042.100098,3059.350098,3025.825195,185130
2019-12-11,3052.100098,3064.000000,3030.300049,3041.000000,3007.676025,315341
2019-12-12,3048.600098,3080.000000,3030.199951,3073.550049,3039.869385,254614
2019-12-13,3095.000000,3096.000000,3035.000000,3054.399902,3020.929199,249099
2019-12-16,3059.899902,3087.850098,3042.750000,3050.899902,3017.467529,369764
2019-12-17,3060.000000,3075.500000,3050.000000,3071.949951,3038.286865,212811
2019-12-18,3070.000000,3121.149902,3053.350098,3099.199951,3065.238281,405982
2019-12-19,3097.899902,3123.000000,3090.050049,3112.750000,3078.639893,259885
2019-12-20,3095.000000,3155.949951,3062.449951,3122.250000,3088.035889,766343
2019-12-23,3100.000000,3129.699951,3077.800049,3091.800049,3057.919434,259919
2019-12-24,3096.000000,3114.449951,3084.000000,3091.050049,3057.177734,166800
2019-12-26,3090.000000,3118.000000,3054.149902,3062.300049,3028.742676,189043
2019-12-27,3079.000000,3082.000000,3021.000000,3042.100098,3008.764160,407653
2019-12-30,3050.000000,3065.000000,3035.100098,3047.350098,3013.956543,182858
2019-12-31,3046.000000,3066.800049,3020.000000,3027.800049,2994.620850,190885
2020-01-01,3044.699951,3053.000000,3027.399902,3039.649902,3006.340820,110561
2020-01-02,3047.000000,3065.000000,3043.050049,3053.399902,3019.940186,138428
2020-01-03,3045.000000,3060.000000,3025.649902,3038.800049,3005.500244,168305
2020-01-06,3030.000000,3032.149902,2995.050049,3022.050049,2988.933838,181158
2020-01-07,3033.899902,3054.000000,3028.000000,3036.600098,3003.324463,159307
2020-01-08,3020.000000,3038.699951,2995.000000,3023.600098,2990.466797,194024
2020-01-09,3047.199951,3049.000000,2995.100098,3001.100098,2968.213379,434270
2020-01-10,3014.949951,3015.000000,2978.050049,2989.750000,2956.987793,526254
2020-01-13,2995.000000,3056.250000,2987.300049,3045.100098,3011.731201,420792
2020-01-14,3058.000000,3119.000000,3037.149902,3105.149902,3071.123047,653300
2020-01-15,3120.000000,3133.949951,3092.899902,3114.199951,3080.073975,438959
2020-01-16,3116.000000,3160.000000,3115.000000,3150.250000,3115.729004,768872
2020-01-17,3155.000000,3169.000000,3114.350098,3124.449951,3090.211670,294064
2020-01-20,3143.000000,3143.000000,3104.399902,3110.449951,3076.364990,203111
2020-01-21,3100.000000,3130.000000,3077.250000,3111.250000,3077.156250,220943
2020-01-22,3125.500000,3138.699951,3088.899902,3106.350098,3072.310059,248578
2020-01-23,3103.850098,3122.899902,3068.100098,3112.949951,3078.837646,203032
2020-01-24,3113.149902,3212.949951,3112.050049,3192.500000,3157.515869,580192
2020-01-27,3187.000000,3210.000000,3155.000000,3174.199951,3139.416504,322446
2020-01-28,3182.899902,3209.899902,3136.500000,3181.250000,3146.389160,292577
2020-01-29,3200.000000,3245.500000,3190.050049,3214.199951,3178.978027,434882
2020-01-30,3208.949951,3234.699951,3192.449951,3210.699951,3175.516357,337850
2020-01-31,3242.699951,3274.600098,3186.850098,3200.699951,3165.625977,468850
2020-02-03,3097.600098,3249.000000,3092.350098,3230.050049,3194.654541,657504
2020-02-04,3235.000000,3300.000000,3188.000000,3232.500000,3197.077637,511585
2020-02-05,3269.800049,3318.000000,3243.699951,3255.949951,3220.270508,423733
2020-02-06,3260.350098,3293.000000,3236.350098,3252.199951,3216.561768,410631
2020-02-07,3256.000000,3296.000000,3237.100098,3251.399902,3215.770508,450061
2020-02-10,3270.000000,3280.000000,3125.000000,3155.600098,3121.020508,969115
2020-02-11,3179.949951,3198.800049,3124.199951,3134.699951,3100.349365,507516
2020-02-12,3124.199951,3209.000000,3124.199951,3136.800049,3102.426270,669153
2020-02-13,3132.000000,3143.649902,3105.199951,3135.199951,3100.843750,319421
2020-02-14,3116.000000,3159.000000,3090.300049,3096.649902,3062.716309,270506
2020-02-17,3095.000000,3112.300049,3072.050049,3084.100098,3050.303955,224912
2020-02-18,3080.000000,3080.000000,3020.000000,3066.449951,3032.847168,453173
2020-02-19,3082.100098,3111.000000,3040.000000,3082.250000,3048.474121,462922
2020-02-20,3079.800049,3123.449951,3052.250000,3059.399902,3025.874512,270720
2020-02-24,3059.000000,3065.000000,3005.000000,3036.199951,3002.928711,427352
2020-02-25,3040.000000,3078.000000,3018.000000,3033.550049,3000.307861,350415
2020-02-26,3025.100098,3069.899902,3016.699951,3041.350098,3008.022461,366302
2020-02-27,3036.949951,3100.000000,2960.000000,3026.050049,2992.889893,652385
2020-02-28,2983.000000,3020.000000,2917.000000,2970.199951,2937.651855,619510
2020-03-02,2995.000000,3053.949951,2925.000000,2949.100098,2916.783203,348147
2020-03-03,2970.000000,3045.500000,2965.000000,3026.500000,2993.334961,399770
2020-03-04,3048.000000,3080.000000,3028.000000,3063.050049,3029.484619,368498
2020-03-05,3082.600098,3165.000000,3076.100098,3127.149902,3092.882080,720100
2020-03-06,3084.899902,3100.000000,3013.250000,3081.399902,3047.633301,593374
2020-03-09,3045.000000,3061.800049,2968.500000,2996.500000,2963.663818,607257
2020-03-11,2982.199951,3065.899902,2944.100098,3048.300049,3014.896240,534597
2020-03-12,2945.000000,2968.949951,2785.050049,2810.649902,2779.850342,774263
2020-03-13,2700.000000,3049.899902,2410.000000,2763.600098,2733.315918,1108145
2020-03-16,2704.800049,2744.649902,2602.050049,2709.000000,2679.314209,790983
2020-03-17,2720.000000,2795.750000,2669.050049,2686.000000,2656.566406,567266
2020-03-18,2728.000000,2744.949951,2480.000000,2501.949951,2474.533203,649472
2020-03-19,2389.000000,2404.000000,2260.000000,2318.149902,2292.747070,786856
2020-03-20,2341.300049,2500.899902,2294.250000,2467.800049,2440.757324,742445
2020-03-23,2300.000000,2422.399902,2100.000000,2137.850098,2114.423096,613313
2020-03-24,2117.000000,2450.000000,2111.899902,2364.699951,2338.787109,929150
2020-03-25,2364.600098,2511.600098,2317.100098,2451.399902,2424.536865,1249005
2020-03-26,2471.550049,2668.800049,2417.300049,2588.449951,2560.085205,944116
2020-03-27,2690.000000,2708.949951,2505.000000,2529.250000,2501.533936,472582
2020-03-30,2465.250000,2579.350098,2442.750000,2473.750000,2446.642090,701800
2020-03-31,2579.949951,2710.000000,2490.000000,2688.949951,2659.483887,734769
2020-04-01,2700.000000,2780.000000,2505.000000,2564.850098,2536.743896,1167125
2020-04-03,2588.949951,2610.000000,2475.000000,2563.250000,2535.161377,726898
2020-04-07,2640.149902,2878.699951,2640.149902,2834.500000,2803.438965,1062855
2020-04-08,2829.000000,2990.000000,2759.000000,2775.550049,2745.135010,1037956
2020-04-09,2850.000000,2850.000000,2732.899902,2801.699951,2770.998291,893106
2020-04-13,2800.000000,2800.000000,2697.350098,2706.149902,2676.495361,501533
2020-04-15,2772.000000,2908.500000,2754.699951,2837.350098,2806.257813,1011691
2020-04-16,2837.500000,2893.949951,2815.000000,2836.800049,2805.713867,675907
2020-04-17,2884.000000,2895.000000,2802.199951,2832.149902,2801.114746,705271
2020-04-20,2860.100098,2864.800049,2801.000000,2833.000000,2801.955322,667917
2020-04-21,2779.899902,2906.350098,2733.149902,2863.250000,2831.874023,1129799
2020-04-22,2863.000000,2969.699951,2827.449951,2952.649902,2920.294189,737395
2020-04-23,2960.000000,3245.000000,2918.000000,2947.399902,2915.101807,3426361
2020-04-24,2980.000000,3122.899902,2956.000000,3062.149902,3028.594238,2613797
2020-04-27,3075.850098,3290.000000,3070.000000,3242.050049,3206.522949,1993373
2020-04-28,3277.000000,3289.850098,3160.000000,3193.949951,3158.949951,1379056
2020-04-29,3187.800049,3238.750000,3150.000000,3156.800049,3156.800049,1177507
2020-04-30,3195.000000,3205.000000,3150.000000,3165.750000,3165.750000,1021592
2020-05-04,3109.000000,3160.000000,3056.000000,3092.949951,3092.949951,591243
2020-05-05,3107.000000,3126.000000,2970.500000,2978.750000,2978.750000,905266
2020-05-06,2950.000000,3065.000000,2907.649902,2987.699951,2987.699951,995972
2020-05-07,2977.699951,2980.000000,2867.000000,2915.350098,2915.350098,994650
2020-05-08,2945.000000,3037.000000,2923.449951,2994.649902,2994.649902,1102857
2020-05-11,3029.000000,3083.399902,2991.850098,3053.949951,3053.949951,1095835
2020-05-12,3048.949951,3123.199951,3031.300049,3107.300049,3107.300049,1329390
2020-05-13,3180.000000,3188.000000,3057.500000,3079.550049,3079.550049,850975
2020-05-14,3065.000000,3138.000000,3031.699951,3118.699951,3118.699951,777191
2020-05-15,3146.899902,3196.000000,3115.000000,3125.649902,3125.649902,870242
2020-05-18,3110.000000,3165.000000,3098.100098,3109.550049,3109.550049,730350
2020-05-19,3130.199951,3147.899902,3086.050049,3104.000000,3104.000000,537217
2020-05-20,3110.600098,3159.000000,3106.850098,3127.850098,3127.850098,439150
2020-05-21,3120.100098,3157.000000,3099.000000,3110.949951,3110.949951,574325
2020-05-22,3104.000000,3184.199951,3080.000000,3167.100098,3167.100098,630579
2020-05-26,3200.000000,3244.000000,3141.000000,3163.850098,3163.850098,718120
2020-05-27,3170.000000,3238.949951,3141.000000,3220.300049,3220.300049,739318
2020-05-28,3217.500000,3363.250000,3189.350098,3323.250000,3323.250000,1453503
2020-05-29,3289.899902,3417.000000,3289.899902,3378.850098,3378.850098,1658689
2020-06-01,3416.000000,3470.000000,3401.000000,3434.850098,3434.850098,882957
2020-06-02,3434.899902,3480.000000,3400.000000,3451.000000,3451.000000,786414
2020-06-03,3601.000000,3708.000000,3471.199951,3510.300049,3510.300049,3415125
2020-06-04,3510.000000,3555.000000,3422.000000,3450.350098,3450.350098,1309765
2020-06-05,3475.000000,3497.949951,3402.199951,3466.699951,3466.699951,1200548
2020-06-08,3486.000000,3513.250000,3410.000000,3426.800049,3426.800049,768748
2020-06-09,3434.899902,3469.899902,3409.000000,3415.699951,3415.699951,567611
2020-06-10,3420.899902,3447.600098,3357.399902,3377.000000,3377.000000,628261
2020-06-11,3389.899902,3403.449951,3330.000000,3370.350098,3370.350098,673096
2020-06-12,3333.000000,3443.000000,3305.750000,3366.050049,3366.050049,1373475
2020-06-15,3351.000000,3406.500000,3343.449951,3357.199951,3357.199951,609711
2020-06-16,3381.050049,3399.949951,3330.000000,3345.350098,3345.350098,701255
2020-06-17,3357.850098,3435.000000,3355.050049,3401.449951,3401.449951,1100079
2020-06-18,3415.000000,3457.000000,3381.550049,3404.250000,3404.250000,898020
2020-06-19,3417.899902,3450.000000,3382.000000,3438.550049,3438.550049,782686
2020-06-22,3450.000000,3475.000000,3416.000000,3421.199951,3421.199951,735172
2020-06-23,3429.949951,3504.899902,3426.300049,3467.050049,3467.050049,765543
2020-06-24,3487.000000,3504.899902,3440.000000,3446.399902,3446.399902,573264
2020-06-25,3424.899902,3474.399902,3420.000000,3450.399902,3450.399902,546396
2020-06-26,3457.300049,3499.899902,3444.300049,3456.399902,3456.399902,448349
2020-06-29,3452.800049,3544.850098,3445.800049,3519.250000,3519.250000,940186
2020-06-30,3542.000000,3615.000000,3540.000000,3603.800049,3603.800049,1236535
2020-07-01,3605.000000,3611.000000,3536.000000,3545.949951,3545.949951,586225
2020-07-02,3553.000000,3567.649902,3512.050049,3535.100098,3535.100098,422319
2020-07-03,3549.500000,3579.949951,3515.000000,3538.350098,3538.350098,323231
2020-07-06,3560.000000,3646.000000,3541.000000,3624.449951,3624.449951,538052
2020-07-07,3636.000000,3685.449951,3580.000000,3678.449951,3678.449951,664348
2020-07-08,3675.550049,3712.500000,3630.000000,3685.000000,3685.000000,531417
2020-07-09,3690.000000,3699.000000,3650.000000,3673.600098,3673.600098,397351
2020-07-10,3669.600098,3753.600098,3655.350098,3726.649902,3726.649902,706116
2020-07-13,3760.000000,3835.000000,3750.250000,3796.800049,3796.800049,1108644
2020-07-14,3795.550049,3795.949951,3729.000000,3735.250000,3735.250000,399210
2020-07-15,3742.000000,3778.300049,3711.699951,3723.250000,3723.250000,506573
2020-07-16,3729.000000,3880.250000,3689.550049,3854.750000,3854.750000,987220
2020-07-17,3900.000000,3938.000000,3766.800049,3785.000000,3785.000000,4502972
2020-07-20,3859.000000,3993.000000,3807.199951,3982.649902,3982.649902,3784970
2020-07-21,3999.000000,4010.000000,3875.000000,3880.399902,3880.399902,1880670
2020-07-22,3914.800049,3924.399902,3791.050049,3805.050049,3805.050049,1019300
2020-07-23,3825.000000,3879.750000,3820.000000,3827.600098,3827.600098,791765
2020-07-24,3824.949951,3849.899902,3768.000000,3818.449951,3818.449951,665233